1;CIRCLE;119;151;129;ONE;192;222;198;RIGHT;300;319;318;TWO;406;442;417;ONE;500;532;508
2;PINCH;91;126;126;WAVE;236;267;237;KNOB;374;414;375;FOUR;446;475;458;DENY;559;603;565
3;PINCH;125;162;147;MENU;237;271;271;MENU;241;270;270;MENU;247;277;277;CIRCLE;351;392;392
4;ONE;249;284;261;TWO;362;383;374;OK;471;509;482
5;WAVE;57;93;93;WAVE;282;309;309;FOUR;313;346;346;WAVE;357;386;386;WAVE;428;453;453;FOUR;491;519;519
6;RIGHT;138;157;153;CROSS;396;433;405;TWO;493;524;504
7;V;125;153;137;GRAB;222;267;229;PINCH;245;289;277;MENU;357;385;365;PINCH;440;479;449;CROSS;563;598;570
8;LEFT;124;145;125;CROSS;330;367;345;CIRCLE;460;504;479
9;MENU;231;278;246;PINCH;343;367;352;ONE;442;479;458
10;ONE;121;149;139;WAVE;208;236;236;WAVE;229;258;238;OK;355;383;365;LEFT;473;495;474;FOUR;530;559;548
11;CIRCLE;126;164;133;V;280;311;309;RIGHT;413;430;427;ONE;505;535;510
12;KNOB;132;183;146;FOUR;244;283;458;V;392;451;403;CIRCLE;521;556;544
13;CROSS;152;202;163;MENU;262;314;278;TWO;412;443;426;WAVE;484;553;494
14;CROSS;326;368;347;THREE;415;443;426
15;THREE;144;175;145;DENY;259;303;268;WAVE;360;400;369;KNOB;562;609;563
16;V;119;155;136;CIRCLE;255;304;268;MENU;420;451;451;DENY;526;570;543
17;FOUR;224;254;235;GRAB;344;386;345;ONE;440;471;448
18;LEFT;146;174;151;WAVE;276;311;285;GRAB;381;428;388;TWO;514;544;525
19;FOUR;182;222;191;RIGHT;269;309;282;GRAB;392;421;402;V;509;548;518
20;CROSS;130;169;157;OK;242;267;255;RIGHT;346;366;361;WAVE;451;485;462;THREE;539;564;554
21;LEFT;120;141;134;PINCH;341;371;360;KNOB;426;465;449
22;GRAB;107;137;125;V;269;302;272;DENY;460;501;471
23;THREE;139;172;143;WAVE;269;303;281;PINCH;324;350;331;DENY;448;486;457
24;RIGHT;142;164;148;PINCH;240;270;256;DENY;328;360;339
25;OK;256;281;274;LEFT;408;434;409;THREE;473;502;502
26;GRAB;123;152;136;ONE;262;287;275;THREE;386;408;394;FOUR;504;528;517;V;600;631;606
27;V;146;194;163;GRAB;272;304;283;WAVE;384;436;394;ONE;472;523;483;DENY;584;643;601
28;MENU;117;140;130;PINCH;233;270;247;CROSS;344;382;377;KNOB;478;526;486;WAVE;540;570;570;WAVE;577;622;587
29;KNOB;111;163;112;THREE;249;277;250;OK;540;563;563
30;OK;103;129;111;FOUR;209;239;221;CROSS;282;318;317
31;MENU;142;170;170;RIGHT;277;299;278;V;445;468;459
32;OK;138;162;154;CIRCLE;241;274;252;WAVE;363;411;377;DENY;458;504;472;DENY;495;525;496;TWO;577;603;589
33;LEFT;146;170;147;KNOB;251;308;308
34;WAVE;137;173;144;THREE;264;294;270;LEFT;366;390;367;LEFT;451;477;477;DENY;479;524;480;GRAB;600;648;604
35;CROSS;131;164;145;TWO;346;379;379;CIRCLE;464;495;491;DENY;580;612;588
36;RIGHT;136;154;146;MENU;354;381;356;FOUR;431;454;454;TWO;454;482;467
37;OK;230;254;240;V;307;336;334;KNOB;427;467;431
38;V;139;173;154;LEFT;310;337;319;RIGHT;420;443;428;CIRCLE;500;545;503
39;OK;115;150;125;WAVE;208;237;237;WAVE;235;279;244;PINCH;324;356;345;DENY;527;563;538
40;PINCH;431;468;443
41;WAVE;143;184;153;TWO;325;354;337;CIRCLE;434;472;451;GRAB;504;533;533
42;CROSS;127;161;149;DENY;256;299;264;MENU;353;379;359;GRAB;576;603;590
43;FOUR;106;136;114;ONE;204;228;217;FOUR;315;342;330
44;ONE;143;170;157;WAVE;409;441;419;CROSS;494;527;527
45;V;158;184;161;TWO;406;431;422;ONE;526;550;541;CIRCLE;662;699;671
46;RIGHT;117;135;126;CIRCLE;212;247;218;ONE;320;345;338;ONE;334;361;338;DENY;484;527;496
47;GRAB;243;274;259;ONE;309;339;339;THREE;339;372;359
48;TWO;216;242;228;FOUR;341;372;353;LEFT;470;500;471
49;RIGHT;134;167;152;THREE;271;304;283;ONE;362;398;373;TWO;483;502;494
50;GRAB;281;317;317;KNOB;453;498;498;OK;554;602;567
51;ONE;100;129;110;CIRCLE;208;255;217;CROSS;383;424;413;PINCH;458;498;471
52;GRAB;143;176;152;THREE;266;289;275;ONE;368;393;380;OK;481;506;498;FOUR;619;644;632
53;MENU;140;165;149;WAVE;224;257;236;V;329;362;347;CROSS;425;463;435;TWO;530;558;540
54;KNOB;101;138;102;FOUR;337;372;352;RIGHT;448;471;471
55;GRAB;277;307;292;OK;391;416;406;KNOB;487;533;497
56;KNOB;121;166;130;TWO;260;296;267;LEFT;369;389;373;MENU;532;557;540
57;PINCH;122;153;138;PINCH;134;165;138;V;239;265;243;THREE;361;385;373;FOUR;548;573;562
58;OK;157;191;162;TWO;288;316;299;ONE;408;445;413;PINCH;522;563;530
59;DENY;113;156;135;DENY;114;157;135;DENY;114;158;135;DENY;116;158;135;DENY;117;159;135;GRAB;337;371;371
60;PINCH;92;133;98;KNOB;195;237;208;V;376;407;404
61;THREE;144;167;157;KNOB;331;374;347;FOUR;441;471;452;MENU;554;576;565
62;GRAB;192;224;201;MENU;391;414;414;THREE;413;437;436;TWO;509;543;543
63;DENY;111;156;122;WAVE;198;233;210;FOUR;449;477;462
64;OK;112;140;122;KNOB;216;251;227;GRAB;479;507;495
65;CROSS;112;148;138;GRAB;206;238;214;FOUR;448;488;456
66;CIRCLE;123;159;141;WAVE;335;376;343;DENY;473;520;483
67;THREE;180;206;192;DENY;277;321;283;CROSS;365;401;382;RIGHT;433;455;455;WAVE;467;507;478
68;MENU;264;289;289;FOUR;451;478;478
69;KNOB;161;203;171;DENY;218;245;245;CIRCLE;264;302;273;LEFT;426;446;440;V;569;601;574
70;LEFT;112;129;123;OK;225;255;233;GRAB;353;398;354;DENY;423;467;434;FOUR;518;548;531
71;CROSS;102;138;117;ONE;216;244;230;CIRCLE;342;381;344;THREE;447;477;462;V;512;537;524
72;FOUR;145;170;160;GRAB;255;285;265;DENY;369;403;381;THREE;450;471;459;PINCH;573;611;586
73;PINCH;277;314;314;GRAB;364;396;396;ONE;482;534;501;RIGHT;624;653;638
74;TWO;134;162;146;RIGHT;341;361;361;FOUR;383;413;399;GRAB;488;514;500
75;THREE;150;202;154;KNOB;282;318;291;GRAB;355;392;368;ONE;458;487;468;PINCH;595;629;621
76;TWO;211;243;226;GRAB;339;384;350;CROSS;433;467;452
77;WAVE;138;173;147;FOUR;232;257;243;DENY;452;496;464
78;CIRCLE;136;180;149;PINCH;260;297;265;OK;451;479;462
79;TWO;132;166;145;CROSS;331;378;354;V;377;411;383;OK;501;526;526
80;KNOB;156;202;202;TWO;347;379;379;V;432;473;441
81;PINCH;255;292;276;CIRCLE;389;432;414;KNOB;508;545;516
82;KNOB;158;203;166;CROSS;280;312;300;V;374;404;398;FOUR;474;501;501;FOUR;488;516;502
83;TWO;180;206;194;THREE;307;331;317;GRAB;409;437;421;WAVE;503;542;513
84;OK;134;159;159;MENU;364;398;398
85;WAVE;137;172;149;CROSS;282;313;310;PINCH;412;441;430;CIRCLE;525;554;541
86;FOUR;183;219;219;GRAB;260;294;261;MENU;402;429;429;THREE;436;478;438;MENU;458;485;485;PINCH;527;562;546;TWO;644;682;656
87;PINCH;317;361;329;RIGHT;406;432;432;WAVE;432;478;442
88;DENY;129;173;142;TWO;215;239;239;KNOB;354;400;355;THREE;436;461;449
89;DENY;106;148;119;OK;193;222;204;ONE;287;319;294;KNOB;367;408;383;FOUR;453;481;467
90;FOUR;224;257;257;DENY;321;358;325;LEFT;410;430;430;WAVE;531;562;546
91;GRAB;113;140;128;CIRCLE;239;271;249;V;346;375;363;LEFT;470;491;482
92;CIRCLE;221;262;240;LEFT;368;394;371;KNOB;436;486;467;ONE;524;559;534
93;V;316;350;335;CROSS;423;461;456;ONE;520;551;533
94;LEFT;152;181;165;OK;282;321;294;TWO;379;410;410;GRAB;525;560;560
95;CIRCLE;141;181;181;KNOB;500;553;553;PINCH;579;616;616
96;CROSS;105;139;125;FOUR;192;215;206;RIGHT;304;323;321;ONE;508;534;527
97;KNOB;439;477;477;CIRCLE;531;574;574
98;WAVE;243;287;254;LEFT;350;370;364;FOUR;458;485;471
99;MENU;194;216;206;RIGHT;333;355;334;WAVE;392;436;407
100;ONE;126;155;131;V;242;270;267;CROSS;383;423;398;CIRCLE;490;533;495;WAVE;614;652;635
101;LEFT;122;139;131;PINCH;250;286;251;DENY;352;387;361;V;425;452;439;TWO;524;551;535
102;CIRCLE;152;183;164;PINCH;311;333;324;RIGHT;398;432;412;WAVE;509;544;523
103;THREE;131;159;143;PINCH;332;363;349;ONE;452;488;463
104;ONE;117;146;133;CIRCLE;288;330;330;PINCH;442;476;468
105;V;213;251;241;DENY;305;347;314;RIGHT;424;440;434
106;CROSS;142;191;157;OK;232;264;247;RIGHT;362;388;373;LEFT;461;488;472;THREE;552;582;563
107;DENY;152;198;161;PINCH;315;362;322;FOUR;450;490;459;MENU;595;621;604
108;MENU;233;266;266;KNOB;429;473;473
109;LEFT;184;221;192;OK;344;384;362;KNOB;484;559;492;THREE;602;621;609
110;OK;117;145;124;GRAB;230;260;241;CIRCLE;327;363;353;V;453;479;463;MENU;564;586;576
111;PINCH;155;199;161;MENU;274;302;279;RIGHT;352;374;358;THREE;476;511;482;KNOB;574;614;588
112;FOUR;172;209;183;OK;248;294;263;TWO;378;422;383;LEFT;503;534;526;THREE;614;658;624
113;RIGHT;210;238;238;CIRCLE;238;290;243;CROSS;313;351;337;MENU;432;458;446
114;ONE;102;128;124;PINCH;194;223;210;MENU;322;345;338
115;KNOB;192;237;194;ONE;294;324;301;GRAB;384;419;398
116;RIGHT;133;151;151;CROSS;345;384;375;THREE;448;471;462
117;CROSS;134;171;151;MENU;279;306;283;FOUR;436;472;444;GRAB;533;591;534
118;DENY;126;169;133;GRAB;250;278;263;TWO;408;434;421;LEFT;542;562;547
119;DENY;145;188;188;MENU;240;277;277;THREE;259;294;294;ONE;412;450;435
120;TWO;135;172;141;V;240;268;268;ONE;351;380;372;THREE;352;385;385;ONE;379;408;408;MENU;470;495;495;TWO;587;617;614
121;CROSS;131;166;157;ONE;464;489;478;CIRCLE;555;590;566
122;LEFT;102;122;115;MENU;378;402;393;PINCH;473;508;477
123;THREE;112;139;113;KNOB;203;243;208;FOUR;291;320;301;PINCH;408;449;410;OK;518;556;528
124;KNOB;127;172;129;LEFT;221;241;241;CROSS;348;383;372;MENU;469;492;484;RIGHT;562;584;565
125;ONE;324;358;358;ONE;354;387;358
126;DENY;86;131;96;LEFT;183;201;201;WAVE;323;368;338;PINCH;452;487;466;MENU;565;589;579
127;CIRCLE;251;289;289
128;KNOB;136;187;163;MENU;244;278;278;KNOB;422;475;427;GRAB;513;551;551;PINCH;594;627;595;CIRCLE;632;673;673
129;RIGHT;182;204;196;V;320;352;339;GRAB;450;497;453;THREE;573;607;580
130;LEFT;174;194;183;GRAB;253;290;262;MENU;487;513;499
131;DENY;133;174;145;LEFT;244;276;258;V;381;419;402;FOUR;552;578;564
132;CIRCLE;254;294;280;OK;503;536;536;OK;504;537;537;KNOB;598;640;640
133;OK;223;256;232;THREE;346;374;355;ONE;439;468;454
134;DENY;156;200;158;THREE;282;338;289;PINCH;483;514;512;CROSS;503;538;538
135;ONE;120;145;130;CIRCLE;234;273;241;V;325;353;353
136;ONE;109;144;123;CROSS;251;287;257;V;465;493;482;LEFT;567;590;580
137;TWO;102;130;117;CIRCLE;227;262;235
138;KNOB;112;155;120;MENU;217;240;230;RIGHT;322;342;327;V;449;474;450;TWO;529;556;540
139;PINCH;123;162;129;OK;239;273;254;DENY;369;406;381;CROSS;429;465;465
140;OK;111;141;120;ONE;209;235;218;THREE;454;484;457
141;RIGHT;154;172;172;TWO;274;303;287;LEFT;431;449;437;CIRCLE;551;595;567
142;KNOB;106;146;122;WAVE;223;255;235;OK;330;357;343;OK;338;366;343;OK;342;370;343;LEFT;429;453;443
143;KNOB;260;304;267;TWO;372;397;388;WAVE;493;527;509
144;WAVE;148;184;163;PINCH;264;302;283;WAVE;374;432;387
