1;CIRCLE;114;151;129;ONE;192;221;198;RIGHT;306;325;323;TWO;408;444;417;ONE;502;532;508
2;PINCH;112;144;128;WAVE;226;258;237;KNOB;369;412;370;FOUR;441;470;458;DENY;559;603;565
3;PINCH;125;160;147;MENU;268;290;290;CIRCLE;348;379;379
4;ONE;248;283;262;TWO;363;384;374;OK;474;509;486
5;WAVE;72;104;104;FOUR;116;142;142;WAVE;117;146;137;FOUR;136;163;163;V;202;243;218;FOUR;298;327;327;WAVE;359;388;388;FOUR;509;536;536
6;RIGHT;141;158;158;CROSS;389;426;405;TWO;494;525;504
7;V;123;151;137;GRAB;229;275;230;MENU;357;385;365;PINCH;438;477;449;CROSS;564;603;570
8;LEFT;123;146;124;CROSS;333;368;345;CIRCLE;460;503;479
9;MENU;228;281;245;PINCH;344;372;363;ONE;439;482;467
10;ONE;120;149;139;WAVE;205;233;233;WAVE;209;237;237;WAVE;211;239;238;WAVE;213;241;238;WAVE;230;259;238;OK;353;380;365;LEFT;440;465;464;FOUR;525;551;548
11;CIRCLE;125;165;133;V;282;313;309;RIGHT;417;433;432;ONE;504;532;510
12;KNOB;127;163;163;V;455;482;482;CIRCLE;489;519;519
13;MENU;275;304;304;KNOB;487;529;529
14;V;122;154;123;CROSS;332;368;347;THREE;372;407;407
15;THREE;148;176;149;PINCH;208;236;236;LEFT;234;261;261;DENY;257;303;268;WAVE;363;404;369;KNOB;564;609;565
16;V;137;173;138;CIRCLE;263;310;268;FOUR;416;450;450;MENU;452;474;474;DENY;523;569;543
17;FOUR;225;254;235;GRAB;345;387;346;ONE;440;470;448
18;LEFT;144;171;151;WAVE;277;310;285;GRAB;382;433;388;ONE;402;446;446;TWO;516;544;525
19;FOUR;178;221;192;RIGHT;271;309;285;GRAB;387;419;395;V;511;544;536
20;CROSS;133;172;157;OK;243;269;255;RIGHT;351;374;366;WAVE;452;487;462;THREE;540;566;554
21;LEFT;134;155;135;PINCH;340;367;360;KNOB;426;467;449
22;GRAB;102;134;125;V;251;284;266;DENY;458;498;471
23;THREE;134;166;143;WAVE;269;302;281;PINCH;323;350;331;DENY;446;485;457
24;RIGHT;146;169;153;PINCH;245;277;256;DENY;329;359;339
25;OK;252;276;274;LEFT;370;397;386;THREE;474;501;501
26;GRAB;119;147;136;ONE;263;286;275;THREE;386;409;394;FOUR;507;534;517;V;596;623;606
27;GRAB;272;301;301;KNOB;384;423;423
28;MENU;117;137;130;PINCH;224;259;247;CROSS;346;387;377;KNOB;480;526;486;WAVE;543;572;572;WAVE;578;622;587
29;KNOB;110;164;111;THREE;256;284;257;THREE;262;288;263;RIGHT;452;482;453;LEFT;491;516;516;OK;545;566;566
30;OK;100;124;111;FOUR;196;226;221;CROSS;284;322;317
31;MENU;141;167;167;RIGHT;260;284;266;V;446;469;459
32;OK;123;144;144;OK;138;160;154;CIRCLE;243;276;252;WAVE;363;406;377;DENY;419;442;442;DENY;459;501;472;TWO;577;602;589
33;LEFT;141;163;142;KNOB;256;311;311
34;WAVE;137;172;144;THREE;264;293;270;LEFT;366;392;367;LEFT;449;478;478;DENY;472;517;478;GRAB;592;625;604
35;CROSS;139;171;145;OK;172;199;199;TWO;350;380;380;CIRCLE;467;495;491;ONE;502;525;525;DENY;581;611;588
36;RIGHT;142;159;151;MENU;355;384;356;TWO;455;482;467
37;OK;228;254;240;V;314;348;334;KNOB;427;469;431
38;V;140;175;154;LEFT;311;337;319;RIGHT;412;438;420;CIRCLE;498;542;503
39;OK;114;151;125;WAVE;223;256;244;PINCH;322;354;345;DENY;528;561;538
40;PINCH;433;471;443
41;WAVE;146;187;153;TWO;331;357;337;CIRCLE;427;463;451;GRAB;519;542;542
42;CROSS;129;159;149;DENY;256;296;264;MENU;351;376;359;GRAB;410;437;412;RIGHT;440;462;462;GRAB;575;597;590
43;FOUR;99;126;114;ONE;205;228;217;FOUR;316;342;330
44;ONE;144;170;157;WAVE;407;438;419;CROSS;495;523;523
45;V;160;182;161;RIGHT;300;321;307;TWO;406;431;422;ONE;528;549;541;CIRCLE;663;701;671
46;RIGHT;124;142;131;CIRCLE;210;243;218;ONE;326;350;338;ONE;337;364;338;DENY;483;523;496
47;TWO;136;166;149;GRAB;246;273;259;THREE;339;366;359
48;TWO;215;243;228;LEFT;466;499;470
49;RIGHT;133;164;148;THREE;272;303;281;ONE;358;402;376;TWO;477;502;483
50;GRAB;278;312;312;KNOB;455;499;499;OK;531;554;554;OK;537;560;560;OK;539;562;562
51;ONE;100;126;110;CIRCLE;206;253;217;CROSS;383;422;413;PINCH;456;495;471
52;GRAB;136;168;152;THREE;271;290;275;ONE;370;394;380;OK;481;504;498;FOUR;621;646;632
53;MENU;141;166;149;WAVE;217;252;236;V;327;362;347;TWO;398;431;431;CROSS;432;473;435;TWO;529;559;540
54;FOUR;336;370;352;FOUR;337;371;352;FOUR;339;373;352;FOUR;340;374;352;RIGHT;456;477;477
55;GRAB;270;305;292;OK;391;414;406;OK;407;434;408;KNOB;488;532;497
56;KNOB;121;165;130;PINCH;233;261;255;TWO;264;299;267;LEFT;369;390;373;MENU;534;559;540
57;PINCH;113;143;138;PINCH;119;148;138;V;229;253;243;THREE;359;385;373;FOUR;549;572;562
58;OK;155;189;162;TWO;289;317;299;ONE;408;445;413;PINCH;520;562;530
59;DENY;116;155;135;LEFT;273;295;274;GRAB;337;367;367
60;PINCH;93;135;98;KNOB;195;238;208;V;377;414;404
61;THREE;149;173;157;KNOB;335;379;347;FOUR;441;472;452;MENU;556;576;565
62;GRAB;198;223;201;RIGHT;367;385;385;THREE;416;440;436
63;DENY;110;152;122;WAVE;200;232;210;GRAB;255;289;257;FOUR;451;478;462
64;OK;108;136;122;KNOB;218;251;227;GRAB;481;507;495
65;CROSS;109;143;138;GRAB;208;238;214
66;CIRCLE;127;159;141;WAVE;333;374;343;DENY;474;520;483
67;THREE;181;206;192;THREE;202;229;203;DENY;238;263;263;DENY;272;312;283;CROSS;373;409;382;RIGHT;444;467;467;WAVE;454;479;478;WAVE;466;505;478
68;LEFT;201;220;202;MENU;265;288;288;FOUR;450;475;475
69;KNOB;162;202;171;DENY;218;244;244;DENY;231;256;256;CIRCLE;262;297;273;LEFT;430;448;440;V;562;592;574
70;LEFT;113;130;123;OK;222;255;233;GRAB;337;390;340;DENY;424;468;434;FOUR;520;549;531
71;CROSS;103;139;117;ONE;222;250;230;CIRCLE;343;383;344;THREE;448;478;462;V;508;532;524
72;FOUR;147;171;160;GRAB;248;272;265;DENY;355;386;381;DENY;369;402;381;THREE;451;472;459;PINCH;574;612;586
73;PINCH;280;317;317;GRAB;377;406;406
74;TWO;136;166;146;RIGHT;349;370;370;FOUR;388;416;399;GRAB;486;512;500
75;THREE;151;198;154;KNOB;289;323;291;GRAB;358;395;368;ONE;460;487;468;PINCH;598;629;621
76;TWO;212;243;226;GRAB;339;385;350;CROSS;432;464;452
77;WAVE;139;174;147;FOUR;233;258;243;DENY;454;495;464
78;CIRCLE;139;180;149;PINCH;264;305;265;OK;451;479;462
79;V;376;407;383;OK;487;509;509;OK;503;525;525
80;KNOB;157;200;200;MENU;247;279;279;MENU;265;291;291;V;433;476;441
81;PINCH;261;297;276;CIRCLE;392;435;414;KNOB;509;546;516
82;KNOB;160;205;166;CROSS;281;313;300;V;376;403;398;FOUR;490;518;502
83;TWO;181;207;194;THREE;308;330;317;GRAB;400;431;421;WAVE;504;542;513
84;OK;134;158;158;MENU;363;388;388;MENU;364;389;389;MENU;370;396;396;MENU;379;407;407
85;WAVE;137;170;149;CROSS;281;310;310;CIRCLE;524;550;541
86;GRAB;259;297;260;MENU;426;459;459;PINCH;544;581;546;TWO;644;682;656
87;PINCH;316;368;329;RIGHT;415;441;441;WAVE;430;474;442
88;DENY;129;170;142;TWO;231;258;249;TWO;247;275;249;KNOB;366;407;370
89;DENY;106;149;119;OK;194;221;204;ONE;287;317;294;KNOB;369;409;383;FOUR;453;480;467
90;FOUR;216;248;248;TWO;265;298;298;DENY;323;355;325;TWO;340;363;363;LEFT;439;460;453;WAVE;531;564;546
91;GRAB;104;132;128;CIRCLE;235;267;249;V;349;375;363;LEFT;471;490;482
92;CIRCLE;217;261;240;LEFT;342;372;371;KNOB;445;497;467;ONE;526;559;534
93;V;314;349;335;CROSS;425;462;456;ONE;520;551;533
94;OK;278;301;301;GRAB;523;553;553
95;CIRCLE;140;171;171;TWO;514;561;561;PINCH;577;612;612;PINCH;595;634;625
96;CROSS;108;140;125;FOUR;193;218;206;RIGHT;324;343;326;LEFT;410;430;426;ONE;512;537;527
97;RIGHT;242;263;263;KNOB;430;468;468;V;513;546;543;CIRCLE;534;575;575
98;WAVE;243;286;254;LEFT;349;367;364;FOUR;459;485;471
99;MENU;195;217;206;RIGHT;312;334;330;RIGHT;341;364;342;WAVE;392;435;407;KNOB;529;572;553
100;ONE;127;154;131;V;258;288;267;CROSS;381;423;398;CIRCLE;487;531;495;WAVE;615;651;635
101;LEFT;124;142;131;PINCH;259;296;260;DENY;351;385;361;V;423;452;439;TWO;525;552;535
102;CIRCLE;117;151;151;CIRCLE;133;165;165
103;THREE;129;158;141;PINCH;332;363;354;ONE;448;487;464
104;ONE;120;147;133;CIRCLE;298;333;333
105;V;235;275;241;DENY;304;345;314;RIGHT;426;443;439
106;CROSS;142;188;178;OK;231;264;244;RIGHT;362;391;376;LEFT;464;492;479;THREE;551;582;563
107;DENY;152;196;161;PINCH;315;359;322;FOUR;451;490;459;MENU;596;622;604
108;MENU;235;263;263;MENU;258;283;283
109;LEFT;194;214;195;OK;339;360;360
110;OK;114;142;124;GRAB;241;272;242;CIRCLE;334;367;353;V;444;469;463;MENU;563;584;576
111;PINCH;154;195;161;MENU;276;302;279;RIGHT;356;379;363;THREE;477;509;482;KNOB;575;614;588
112;FOUR;172;208;187;OK;252;296;263;TWO;381;421;394;LEFT;506;535;523;THREE;615;661;634
113;RIGHT;213;240;240;CIRCLE;237;287;243;CROSS;311;352;337;CIRCLE;375;407;401;MENU;435;458;446
114;ONE;104;128;124;ONE;134;161;135;PINCH;179;212;210;PINCH;192;224;210;MENU;322;346;338
115;KNOB;190;237;194;ONE;295;322;301;GRAB;384;420;398;LEFT;449;476;476;LEFT;480;506;484
116;RIGHT;141;159;159;CROSS;345;384;375;THREE;448;470;462
117;CROSS;143;186;151;MENU;280;307;283;FOUR;436;471;444;GRAB;534;591;535
118;DENY;121;162;133;GRAB;239;269;263;TWO;408;434;421;LEFT;540;559;547
119;DENY;145;188;188;TWO;209;238;238;THREE;254;287;287;ONE;410;446;435
120;FOUR;104;132;132;TWO;133;167;141;PINCH;195;223;223;V;237;267;267;THREE;349;385;385;ONE;353;390;372;THREE;354;391;391;ONE;373;408;375;MENU;471;495;495;TWO;588;619;614
121;CROSS;130;165;157;ONE;464;487;478;CIRCLE;554;587;566
122;LEFT;86;107;107;LEFT;105;122;115;MENU;376;401;393;PINCH;473;510;477
123;THREE;110;139;111;KNOB;208;248;209;FOUR;289;318;301;PINCH;403;442;410;OK;519;557;528
124;KNOB;126;171;129;LEFT;222;241;241;CROSS;348;384;372;MENU;470;493;484;RIGHT;568;589;570
125;ONE;357;387;358;V;543;579;562
126;DENY;85;127;96;RIGHT;144;165;165;LEFT;185;201;201;WAVE;324;366;338;PINCH;452;483;466;MENU;563;586;579
127;V;177;213;178;CIRCLE;253;290;290
128;KNOB;138;190;163;MENU;257;285;285;KNOB;420;469;427;GRAB;539;577;577;CIRCLE;633;671;671
129;RIGHT;188;212;201;V;319;353;339;GRAB;450;498;453;THREE;577;606;580
130;LEFT;174;192;183;GRAB;262;297;263;MENU;487;515;499
131;TWO;121;165;165;LEFT;258;284;259
132;CIRCLE;248;279;279;OK;506;533;533;KNOB;600;637;637
133;OK;225;259;232;KNOB;295;338;300;THREE;359;386;369;ONE;442;469;454
134;DENY;153;195;158;TWO;158;202;202;DENY;159;203;162;TWO;159;203;203;DENY;165;209;166;TWO;218;243;243;THREE;283;339;289;PINCH;484;513;512
135;ONE;120;145;130;CIRCLE;232;271;241;V;332;358;356
136;ONE;121;154;123;CROSS;242;281;257;RIGHT;330;361;361;V;462;494;482
137;TWO;101;128;117;CIRCLE;224;260;235
138;KNOB;112;158;120;MENU;217;238;230;RIGHT;331;353;332;LEFT;371;394;394;V;448;471;449;TWO;529;557;540
139;PINCH;125;167;129;OK;240;274;254;DENY;368;405;381;CROSS;427;464;464
140;OK;114;143;120;ONE;210;234;218;THREE;455;485;457
141;RIGHT;161;178;177;TWO;275;302;287;LEFT;430;450;437;CIRCLE;551;594;567
142;KNOB;113;150;122;WAVE;190;218;218;WAVE;222;252;235;OK;333;359;343;LEFT;428;455;443
143;KNOB;263;311;267;TWO;375;400;388;WAVE;495;527;509
144;WAVE;148;185;157;PINCH;265;299;274;WAVE;373;432;391