1;CIRCLE;123;160;142;ONE;196;239;215;LEFT;298;318;317;TWO;415;457;434;ONE;506;547;525;
2;PINCH;130;158;149;WAVE;238;270;257;KNOB;364;416;383;FOUR;450;485;469;DENY;569;631;588;
3;PINCH;135;176;154;MENU;250;279;269;CROSS;350;383;369;CIRCLE;384;412;403;KNOB;471;556;490;CROSS;582;640;601;
4;KNOB;1;38;20;ONE;254;285;273;TWO;359;387;378;OK;475;508;494;
5;WAVE;1;24;20;WAVE;36;66;55;WAVE;68;95;87;DENY;249;270;268;FOUR;328;352;347;MENU;530;560;549;
6;RIGHT;155;164;174;CROSS;401;440;420;TWO;502;539;521;
7;V;140;156;159;GRAB;229;287;248;MENU;364;401;383;PINCH;447;493;466;CROSS;575;633;594;
8;LEFT;131;155;150;CROSS;344;380;363;CIRCLE;472;528;491;
9;KNOB;1;56;20;KNOB;105;132;124;MENU;249;279;268;PINCH;343;377;362;ONE;441;479;460;
10;ONE;135;160;154;OK;361;393;380;LEFT;456;478;475;FOUR;540;571;559;
11;CIRCLE;136;178;155;V;302;329;321;RIGHT;432;443;451;ONE;512;550;531;
12;KNOB;114;190;133;FOUR;254;266;273;CROSS;389;445;408;CIRCLE;506;526;525;CIRCLE;544;557;563;
13;KNOB;101;123;120;CROSS;147;205;166;MENU;279;308;298;TWO;409;445;428;
14;CROSS;115;146;134;CROSS;336;378;355;
15;THREE;151;188;170;DENY;262;323;281;WAVE;367;415;386;KNOB;569;636;588;
16;V;156;177;175;CIRCLE;259;315;278;MENU;431;463;450;DENY;541;594;560;
17;FOUR;233;268;252;GRAB;340;398;359;ONE;449;491;468;
18;LEFT;146;177;165;WAVE;283;327;302;GRAB;386;441;405;TWO;525;559;544;
19;KNOB;1;63;20;CIRCLE;64;86;83;KNOB;87;114;106;KNOB;121;135;140;FOUR;187;223;206;GRAB;233;259;252;RIGHT;276;295;295;GRAB;387;445;406;CROSS;507;542;526;CIRCLE;543;570;562;
20;CROSS;150;175;169;OK;254;280;273;RIGHT;358;378;377;WAVE;459;499;478;THREE;548;576;567;
21;LEFT;129;148;148;PINCH;359;379;378;KNOB;431;492;450;
22;GRAB;120;153;139;CROSS;255;291;274;DENY;470;514;489;
23;THREE;146;186;165;WAVE;280;319;299;DENY;455;513;474;
24;KNOB;1;16;20;KNOB;80;99;99;RIGHT;148;168;167;PINCH;259;277;278;DENY;341;377;360;
25;OK;271;291;290;LEFT;386;417;405;THREE;490;518;509;
26;GRAB;132;172;151;ONE;273;298;292;THREE;393;417;412;FOUR;517;537;536;CROSS;620;639;639;
27;CROSS;145;190;164;GRAB;264;316;283;ONE;473;519;492;CIRCLE;588;632;607;CROSS;643;652;662;
28;PINCH;242;275;261;CROSS;351;384;370;KNOB;483;543;502;WAVE;597;630;616;
29;KNOB;126;181;145;THREE;247;281;266;RIGHT;437;456;456;OK;560;592;579;
30;OK;116;143;135;FOUR;213;250;232;CROSS;295;355;314;
31;MENU;148;186;167;RIGHT;265;284;284;KNOB;321;345;340;CROSS;459;481;478;
32;OK;151;169;170;CIRCLE;268;288;287;WAVE;378;419;397;DENY;473;515;492;TWO;588;614;607;
33;KNOB;28;74;47;LEFT;138;174;157;CROSS;469;521;488;
34;WAVE;143;187;162;THREE;274;306;293;LEFT;357;394;376;DENY;472;535;491;GRAB;607;682;626;
35;CROSS;138;168;157;OK;236;249;255;TWO;357;393;376;CROSS;478;498;497;DENY;587;627;606;
36;RIGHT;151;165;170;MENU;359;394;378;TWO;466;496;485;
37;OK;236;269;255;CROSS;325;360;344;KNOB;436;492;455;
38;V;145;178;164;LEFT;314;350;333;LEFT;409;427;428;CROSS;510;568;529;
39;OK;126;170;145;PINCH;342;367;361;DENY;538;580;557;
40;KNOB;1;113;20;TWO;131;160;150;RIGHT;299;324;318;PINCH;425;472;444;LEFT;572;615;591;
41;TWO;335;364;354;CROSS;435;458;454;KNOB;490;510;509;GRAB;535;576;554;
42;KNOB;65;115;84;CROSS;133;171;152;DENY;259;314;278;MENU;356;388;375;RIGHT;472;485;491;GRAB;584;624;603;
43;FOUR;116;137;135;ONE;216;242;235;FOUR;329;353;348;
44;KNOB;126;136;145;ONE;156;182;175;THREE;299;319;318;WAVE;426;454;445;CROSS;512;537;531;
45;CROSS;165;185;184;TWO;421;441;440;ONE;538;562;557;CIRCLE;669;685;688;CIRCLE;690;714;709;
46;RIGHT;126;139;145;CIRCLE;217;229;236;CIRCLE;236;261;255;ONE;336;358;355;DENY;495;540;514;
47;TWO;144;177;163;GRAB;255;280;274;THREE;355;385;374;
48;RIGHT;101;137;120;TWO;225;250;244;FOUR;351;390;370;LEFT;492;520;511;
49;KNOB;5;17;24;KNOB;55;99;74;THREE;279;308;298;KNOB;374;400;393;TWO;480;519;499;PINCH;577;642;596;
50;KNOB;1;11;20;THREE;180;234;199;GRAB;293;353;312;OK;555;603;574;
51;ONE;107;145;126;CIRCLE;217;269;236;CROSS;399;436;418;PINCH;472;517;491;
52;GRAB;150;192;169;THREE;275;298;294;ONE;377;401;396;OK;495;511;514;FOUR;632;651;651;
53;KNOB;75;85;94;MENU;148;179;167;WAVE;233;271;252;CROSS;341;367;360;CROSS;435;477;454;TWO;541;573;560;
54;KNOB;93;160;112;FOUR;345;390;364;LEFT;470;490;489;
55;GRAB;287;328;306;OK;403;421;422;KNOB;501;557;520;
56;KNOB;129;183;148;TWO;269;316;288;LEFT;370;401;389;MENU;542;584;561;
57;PINCH;134;158;153;CROSS;244;267;263;THREE;372;393;391;FOUR;562;580;581;
58;OK;163;202;182;TWO;300;328;319;ONE;409;463;428;PINCH;530;588;549;
59;CIRCLE;124;170;143;RIGHT;253;285;272;GRAB;350;413;369;
60;PINCH;98;144;117;KNOB;202;253;221;V;400;423;419;
61;THREE;153;180;172;KNOB;339;394;358;FOUR;450;490;469;MENU;569;607;588;
62;GRAB;197;247;216;KNOB;270;288;289;LEFT;331;349;350;MENU;426;449;445;TWO;525;563;544;
63;DENY;117;169;136;WAVE;208;248;227;FOUR;461;494;480;
64;OK;117;152;136;KNOB;221;267;240;PINCH;380;396;399;GRAB;494;533;513;
65;CROSS;123;152;142;PINCH;224;244;243;FOUR;463;487;482;
66;CROSS;130;165;149;KNOB;226;315;245;DENY;482;547;501;
67;THREE;192;209;211;DENY;285;329;304;CROSS;372;409;391;WAVE;478;515;497;
68;LEFT;174;196;193;MENU;275;302;294;FOUR;460;488;479;
69;KNOB;164;223;183;CROSS;266;291;285;CIRCLE;292;316;311;RIGHT;440;450;459;CROSS;582;603;601;CIRCLE;604;618;623;
70;LEFT;118;141;137;OK;229;269;248;GRAB;345;403;364;DENY;432;484;451;FOUR;530;574;549;
71;CROSS;110;149;129;ONE;230;253;249;CROSS;343;362;362;THREE;456;488;475;CROSS;530;548;549;
72;FOUR;160;179;179;GRAB;262;306;281;DENY;383;413;402;THREE;460;482;479;PINCH;582;625;601;
73;KNOB;8;35;27;PINCH;277;319;296;GRAB;384;426;403;ONE;495;533;514;GRAB;534;568;553;
74;TWO;147;163;166;FOUR;397;411;416;GRAB;500;534;519;
75;THREE;150;219;169;KNOB;239;252;258;KNOB;285;339;304;GRAB;394;416;413;ONE;468;498;487;PINCH;619;637;638;KNOB;657;671;676;
76;TWO;224;253;243;GRAB;347;408;366;CROSS;443;481;462;
77;WAVE;147;186;166;FOUR;241;272;260;DENY;459;530;478;
78;CIRCLE;153;192;172;PINCH;273;329;292;OK;463;495;482;
79;KNOB;40;121;59;TWO;135;168;154;CROSS;324;378;343;CROSS;427;457;446;OK;513;546;532;
80;KNOB;1;36;20;MENU;249;278;268;TWO;364;396;383;CROSS;437;464;456;V;551;612;570;
81;THREE;99;118;118;PINCH;275;301;294;CROSS;392;419;411;KNOB;513;580;532;
82;KNOB;165;221;184;CROSS;291;316;310;V;402;413;421;CIRCLE;416;426;435;FOUR;500;517;519;
83;TWO;192;208;211;THREE;316;333;335;GRAB;420;454;439;WAVE;512;550;531;
84;KNOB;41;128;60;OK;144;180;163;KNOB;277;306;296;MENU;380;402;399;FOUR;501;533;520;
85;WAVE;150;180;169;CROSS;299;323;318;PINCH;428;447;447;CIRCLE;545;566;564;
86;FOUR;177;210;196;MENU;431;477;450;PINCH;545;578;564;TWO;655;702;674;
87;KNOB;133;202;152;PINCH;324;387;343;WAVE;442;505;461;
88;DENY;141;186;160;TWO;246;264;265;KNOB;348;412;367;THREE;448;470;467;
89;DENY;117;165;136;OK;206;232;225;ONE;292;334;311;KNOB;375;422;394;FOUR;465;495;484;
90;RIGHT;110;132;129;FOUR;219;266;238;DENY;322;365;341;LEFT;443;467;462;WAVE;559;582;578;
91;GRAB;124;160;143;CIRCLE;253;285;272;CIRCLE;356;367;375;CIRCLE;377;391;396;OK;595;608;614;
92;RIGHT;77;92;96;CIRCLE;241;270;260;LEFT;351;383;370;KNOB;450;507;469;ONE;535;584;554;
93;LEFT;148;169;167;CROSS;328;356;347;CROSS;432;473;451;ONE;532;565;551;
94;OK;283;324;302;TWO;391;428;410;GRAB;508;567;527;KNOB;580;654;599;
95;GRAB;1;36;20;KNOB;42;56;61;CROSS;149;171;168;CIRCLE;172;203;191;RIGHT;269;300;288;MENU;384;426;403;CROSS;505;521;524;CIRCLE;522;531;541;V;532;568;551;CIRCLE;569;579;588;PINCH;619;651;638;GRAB;652;679;671;
96;CROSS;117;144;136;FOUR;207;225;226;RIGHT;314;327;333;RIGHT;421;438;440;ONE;525;544;544;
97;KNOB;10;143;29;RIGHT;271;300;290;KNOB;383;490;402;CROSS;538;593;557;
98;WAVE;256;298;275;LEFT;355;376;374;FOUR;470;494;489;
99;RIGHT;314;330;333;WAVE;407;444;426;KNOB;536;599;555;
100;ONE;130;171;149;V;264;291;283;CROSS;386;426;405;CIRCLE;493;546;512;WAVE;624;681;643;
101;LEFT;131;150;150;PINCH;257;299;276;DENY;360;402;379;V;437;462;456;TWO;535;562;554;
102;KNOB;1;50;20;KNOB;69;100;88;CIRCLE;162;194;181;PINCH;297;346;316;RIGHT;403;429;422;
103;KNOB;1;124;20;THREE;132;159;151;PINCH;329;365;348;ONE;459;496;478;
104;KNOB;3;44;22;KNOB;58;80;77;ONE;128;165;147;CROSS;270;313;289;CIRCLE;314;362;333;V;391;400;410;PINCH;459;501;478;
105;CROSS;231;267;250;DENY;316;361;335;RIGHT;430;448;449;
106;CROSS;131;143;150;CROSS;153;196;172;OK;233;267;252;RIGHT;365;374;384;RIGHT;463;472;482;RIGHT;481;493;500;THREE;556;589;575;
107;DENY;156;218;175;PINCH;323;380;342;FOUR;457;509;476;MENU;601;642;620;
108;KNOB;1;50;20;MENU;233;267;252;THREE;323;351;342;CIRCLE;435;465;454;V;466;492;485;KNOB;548;558;567;FOUR;559;590;578;
109;KNOB;8;153;27;LEFT;193;216;212;OK;350;383;369;KNOB;463;568;482;THREE;605;623;624;
110;OK;123;158;142;GRAB;235;273;254;CROSS;333;367;352;CROSS;459;484;478;MENU;576;596;595;
111;PINCH;160;214;179;MENU;279;316;298;RIGHT;371;386;390;THREE;480;524;499;KNOB;580;637;599;
112;FOUR;181;207;200;OK;256;299;275;TWO;384;424;403;THREE;618;665;637;
113;CIRCLE;240;298;259;CROSS;341;384;360;MENU;447;475;466;
114;ONE;120;138;139;PINCH;208;227;227;MENU;335;347;354;
115;KNOB;179;255;198;ONE;300;339;319;GRAB;400;443;419;LEFT;479;519;498;
116;RIGHT;144;156;163;CIRCLE;351;399;370;THREE;459;476;478;
117;CROSS;145;197;164;MENU;284;321;303;FOUR;444;488;463;GRAB;545;615;564;
118;DENY;134;179;153;GRAB;261;295;280;TWO;420;444;439;LEFT;555;569;574;
119;RIGHT;58;73;77;DENY;154;202;173;MENU;246;295;265;ONE;432;475;451;
120;LEFT;98;109;117;TWO;130;177;149;V;263;275;282;THREE;370;409;389;MENU;474;510;493;TWO;601;629;620;
121;CROSS;145;178;164;OK;266;281;285;ONE;474;497;493;CIRCLE;563;609;582;
122;LEFT;116;125;135;OK;259;273;278;MENU;392;406;411;PINCH;479;517;498;
123;THREE;119;146;138;KNOB;210;260;229;FOUR;300;332;319;PINCH;409;465;428;OK;530;579;549;
124;KNOB;129;189;148;CROSS;354;384;373;MENU;483;499;502;RIGHT;573;584;592;
125;CIRCLE;2;27;21;FOUR;159;175;178;CROSS;261;290;280;CROSS;302;319;321;ONE;353;397;372;THREE;458;490;477;CROSS;568;610;587;
126;DENY;97;143;116;WAVE;339;376;358;PINCH;464;494;483;MENU;582;592;601;
127;KNOB;1;43;20;CROSS;161;220;180;CROSS;278;306;297;CIRCLE;307;326;326;CROSS;485;540;504;
128;MENU;257;286;276;KNOB;397;493;416;GRAB;534;608;553;CIRCLE;650;669;669;CROSS;670;694;689;
129;RIGHT;200;214;219;V;333;359;352;PINCH;470;505;489;THREE;584;626;603;
130;WAVE;39;106;58;LEFT;183;205;202;GRAB;258;313;277;MENU;497;533;516;
131;CIRCLE;133;181;152;RIGHT;249;271;268;CROSS;377;404;396;V;405;427;424;CIRCLE;428;438;447;FOUR;559;577;578;
132;GRAB;1;31;20;KNOB;159;229;178;CROSS;257;276;276;CIRCLE;277;306;296;CROSS;392;420;411;CROSS;423;445;442;CIRCLE;446;455;465;OK;492;529;511;
133;OK;227;267;246;THREE;364;390;383;ONE;453;482;472;
134;RIGHT;1;63;20;LEFT;78;148;97;DENY;161;220;180;CROSS;511;561;530;
135;ONE;128;153;147;CROSS;239;273;258;CROSS;349;370;368;
136;CIRCLE;48;106;67;ONE;124;155;143;CROSS;260;290;279;RIGHT;365;383;384;CROSS;472;491;491;LEFT;578;610;597;
137;TWO;117;131;136;CROSS;243;262;262;OK;478;494;497;
138;KNOB;118;175;137;MENU;231;243;250;RIGHT;333;347;352;CROSS;438;461;457;TWO;541;559;560;
139;PINCH;131;173;150;OK;253;289;272;DENY;377;424;396;CROSS;457;481;476;
140;OK;117;154;136;ONE;217;250;236;THREE;465;504;484;
141;RIGHT;168;182;187;TWO;285;315;304;LEFT;433;458;452;CIRCLE;564;614;583;
142;KNOB;108;164;127;WAVE;234;265;253;OK;341;372;360;LEFT;440;464;459;RIGHT;545;565;564;
143;KNOB;263;327;282;TWO;388;412;407;
144;KNOB;1;45;20;KNOB;115;136;134;MENU;158;184;177;KNOB;264;289;283;KNOB;314;323;333;
