1;CIRCLE;113;150;139;ONE;198;240;204;RIGHT;298;335;319;TWO;413;460;419;ONE;508;550;514;
2;KNOB;3;105;14;PINCH;106;170;134;WAVE;228;315;244;KNOB;338;435;379;FOUR;448;485;454;DENY;548;625;569;
3;PINCH;123;190;144;MENU;238;290;244;CIRCLE;371;430;379;KNOB;458;572;489;V;583;610;589;
4;ONE;253;290;259;TWO;358;390;364;OK;473;515;479;
5;FOUR;328;360;334;KNOB;446;495;459;MENU;523;560;529;
6;RIGHT;138;162;154;LEFT;163;180;169;V;428;450;434;TWO;498;540;504;
7;V;136;170;144;GRAB;213;285;249;MENU;358;405;364;PINCH;453;500;459;V;578;600;589;
8;WAVE;63;120;119;LEFT;123;165;144;CIRCLE;448;482;465;
9;MENU;233;295;239;PINCH;328;380;359;ONE;438;480;444;
10;ONE;133;165;139;WAVE;228;300;249;OK;358;400;364;LEFT;448;485;464;FOUR;538;575;544;
11;WAVE;68;112;89;CIRCLE;113;172;154;V;283;350;304;KNOB;378;417;394;RIGHT;418;445;434;ONE;508;555;514;
12;KNOB;98;215;139;FOUR;248;275;254;PINCH;378;402;390;V;403;455;409;CIRCLE;456;492;464;
13;V;148;180;159;CIRCLE;206;245;209;MENU;268;320;274;TWO;408;445;414;
14;V;118;160;139;CIRCLE;381;415;394;
15;THREE;148;190;154;DENY;243;330;269;WAVE;348;445;374;KNOB;576;625;584;
16;WAVE;13;80;39;CIRCLE;118;147;144;V;148;175;154;CIRCLE;238;340;264;MENU;428;460;434;DENY;523;595;554;
17;FOUR;228;270;234;GRAB;318;400;359;ONE;448;490;454;
18;LEFT;148;185;164;WAVE;268;350;289;GRAB;363;440;399;TWO;518;565;524;
19;KNOB;23;110;59;FOUR;183;225;189;RIGHT;268;280;274;RIGHT;286;310;294;LEFT;311;340;319;GRAB;373;450;414;PINCH;498;522;514;V;523;565;529;
20;OK;248;290;254;RIGHT;348;375;364;LEFT;376;395;384;WAVE;443;540;469;THREE;548;585;554;
21;LEFT;123;160;134;PINCH;348;385;364;KNOB;403;475;424;
22;GRAB;103;165;139;V;263;292;269;CIRCLE;293;325;294;DENY;458;520;479;
23;THREE;143;190;149;WAVE;258;345;289;DENY;443;500;464;
24;KNOB;58;100;74;LEFT;143;155;149;RIGHT;156;170;164;PINCH;243;285;264;DENY;328;390;344;
25;OK;268;295;274;LEFT;373;410;394;RIGHT;411;430;424;THREE;488;525;494;
26;GRAB;108;175;149;ONE;273;300;279;THREE;393;420;399;FOUR;513;540;519;CIRCLE;588;617;614;V;618;650;624;
27;V;143;205;154;GRAB;243;320;289;KNOB;373;465;414;ONE;473;520;479;V;593;635;604;
28;MENU;128;150;134;PINCH;238;285;254;CIRCLE;396;425;399;KNOB;496;550;504;WAVE;573;650;594;
29;LEFT;3;30;19;LEFT;43;72;59;RIGHT;73;92;89;LEFT;93;115;99;LEFT;193;215;199;THREE;258;285;264;RIGHT;433;457;449;LEFT;458;470;464;RIGHT;488;512;504;LEFT;513;540;519;OK;568;600;574;
30;OK;118;150;124;FOUR;213;240;219;
31;WAVE;16;62;34;MENU;148;190;154;RIGHT;268;285;274;LEFT;286;300;289;V;448;485;469;
32;OK;148;175;154;CIRCLE;228;282;254;WAVE;358;455;379;TWO;583;615;589;
33;LEFT;128;180;144;CIRCLE;438;467;464;V;468;525;474;
34;WAVE;128;220;154;THREE;268;310;274;LEFT;358;395;379;DENY;453;545;484;GRAB;583;670;624;
35;CROSS;128;165;154;TWO;353;400;359;CIRCLE;468;525;494;DENY;573;645;594;
36;RIGHT;138;165;149;MENU;353;400;359;TWO;463;500;469;
37;OK;233;275;239;V;323;375;339;KNOB;441;480;449;
38;V;148;180;159;LEFT;313;350;329;RIGHT;408;442;429;LEFT;443;460;449;
39;OK;123;175;129;WAVE;233;305;254;PINCH;333;375;354;DENY;523;577;544;
40;TWO;128;160;134;LEFT;288;305;299;RIGHT;306;327;309;LEFT;328;350;334;PINCH;408;490;444;RIGHT;543;555;554;LEFT;558;600;574;
41;LEFT;73;85;84;WAVE;143;220;164;FOUR;333;365;339;CIRCLE;418;460;444;V;461;485;464;GRAB;518;575;554;
42;CROSS;123;157;149;DENY;248;320;269;MENU;353;395;359;RIGHT;478;495;484;LEFT;496;515;499;GRAB;563;630;599;
43;FOUR;108;140;114;ONE;218;245;224;FOUR;323;355;329;
44;ONE;153;185;159;THREE;298;320;304;WAVE;411;490;429;
45;V;168;195;174;RIGHT;303;320;314;TWO;418;445;424;ONE;538;565;544;CIRCLE;648;707;674;
46;RIGHT;118;145;134;CIRCLE;198;255;219;ONE;333;360;339;DENY;483;545;504;
47;GRAB;233;310;274;THREE;353;390;359;
48;LEFT;98;112;105;RIGHT;113;132;124;LEFT;133;165;139;TWO;223;250;229;FOUR;348;395;354;LEFT;471;515;484;
49;RIGHT;133;170;149;LEFT;171;195;174;TWO;478;520;484;PINCH;558;625;594;
50;GRAB;273;350;319;KNOB;448;530;489;OK;553;600;559;
51;ONE;108;145;114;V;208;230;219;V;423;445;429;PINCH;458;520;489;
52;GRAB;128;175;169;THREE;273;300;279;ONE;378;400;384;FOUR;628;655;634;
53;KNOB;63;120;74;MENU;143;185;149;WAVE;231;300;239;V;328;385;354;TWO;533;575;539;
54;KNOB;63;175;99;FOUR;338;395;344;RIGHT;476;500;489;LEFT;501;515;504;
55;GRAB;268;335;309;KNOB;483;545;524;
56;KNOB;136;190;144;TWO;263;320;269;LEFT;368;400;384;MENU;538;575;544;
57;PINCH;133;165;144;V;253;275;264;THREE;373;400;379;
58;WAVE;3;115;34;OK;163;210;169;TWO;293;330;299;ONE;408;465;414;PINCH;518;585;549;
59;DENY;113;180;134;LEFT;243;290;259;RIGHT;291;310;294;GRAB;333;405;379;
60;WAVE;38;87;49;PINCH;88;145;109;KNOB;178;265;209;V;393;435;404;
61;THREE;153;185;159;KNOB;313;400;349;FOUR;448;495;454;MENU;563;595;569;
62;GRAB;173;245;214;RIGHT;323;355;344;MENU;423;455;429;TWO;538;565;544;
63;DENY;103;180;124;WAVE;193;280;214;FOUR;458;500;464;
64;KNOB;63;117;79;OK;118;160;124;GRAB;493;535;504;
65;CROSS;123;175;139;GRAB;188;260;224;
66;CIRCLE;108;190;144;WAVE;323;420;349;DENY;468;535;489;
67;THREE;193;210;199;DENY;273;335;289;CIRCLE;403;430;414;WAVE;458;535;489;
68;LEFT;163;197;184;RIGHT;198;220;204;MENU;273;305;279;FOUR;458;490;464;
69;KNOB;168;220;199;CIRCLE;248;307;289;LEFT;433;465;449;V;583;610;589;
70;LEFT;118;140;129;RIGHT;141;155;144;OK;228;275;234;GRAB;323;405;364;DENY;418;495;439;FOUR;528;570;534;
71;CROSS;93;137;134;ONE;228;255;234;CIRCLE;328;357;349;THREE;453;490;459;V;518;560;539;
72;FOUR;153;180;159;GRAB;238;282;279;DENY;383;415;389;THREE;458;485;464;PINCH;578;630;599;
73;PINCH;293;325;299;GRAB;363;430;409;ONE;488;540;494;RIGHT;623;670;634;LEFT;671;685;679;
74;RIGHT;308;332;324;GRAB;478;535;514;
75;THREE;148;225;154;KNOB;263;352;294;GRAB;353;415;379;ONE;468;505;474;PINCH;593;650;624;
76;KNOB;3;70;9;KNOB;78;125;94;TWO;218;260;224;GRAB;323;377;369;
77;WAVE;138;215;154;FOUR;238;275;244;DENY;443;515;469;
78;CIRCLE;156;182;164;PINCH;281;335;294;OK;458;500;464;
79;TWO;133;165;139;CIRCLE;381;407;389;V;431;465;449;OK;508;550;514;
80;KNOB;123;210;149;MENU;238;290;244;TWO;358;400;364;V;443;495;449;
81;THREE;103;120;109;LEFT;168;195;179;LEFT;223;245;239;PINCH;268;310;284;CIRCLE;406;432;414;CIRCLE;451;480;454;KNOB;488;575;514;
82;KNOB;176;230;189;CIRCLE;308;335;314;CIRCLE;368;397;394;V;398;422;404;CIRCLE;423;455;424;
83;THREE;318;335;324;GRAB;398;460;429;WAVE;498;560;524;
84;OK;143;185;149;MENU;368;415;374;FOUR;498;540;504;
85;WAVE;133;210;154;PINCH;423;455;439;CIRCLE;523;580;539;
86;GRAB;268;330;309;MENU;433;485;439;PINCH;538;590;554;TWO;653;700;659;
87;KNOB;123;195;154;PINCH;313;362;339;WAVE;428;500;454;
88;DENY;128;190;149;KNOB;348;425;369;THREE;443;475;449;
89;DENY;98;175;124;OK;198;240;204;ONE;293;335;299;KNOB;353;430;384;FOUR;463;500;469;
90;RIGHT;113;132;124;LEFT;133;145;139;DENY;313;385;329;LEFT;428;470;449;WAVE;548;590;579;
91;GRAB;103;165;139;CIRCLE;223;252;249;CIRCLE;258;305;259;V;363;385;369;CIRCLE;386;420;389;LEFT;473;500;489;
92;CIRCLE;203;252;239;LEFT;353;390;369;KNOB;451;515;459;ONE;533;575;539;
93;LEFT;138;180;154;V;313;365;344;CROSS;418;462;454;ONE;533;570;539;
94;LEFT;143;190;164;RIGHT;191;205;204;OK;283;330;289;TWO;388;430;394;GRAB;488;527;507;GRAB;536;565;539;KNOB;573;645;604;
95;RIGHT;263;300;284;LEFT;301;325;304;MENU;373;440;379;V;498;525;519;V;528;565;534;CIRCLE;566;605;579;PINCH;606;670;634;
96;CIRCLE;141;170;154;RIGHT;316;330;319;LEFT;418;450;429;ONE;523;545;529;
97;RIGHT;258;300;269;LEFT;301;325;304;KNOB;388;515;434;PINCH;533;557;549;
98;WAVE;238;325;259;LEFT;358;377;369;FOUR;468;495;474;
99;MENU;203;225;209;RIGHT;308;340;324;WAVE;388;480;419;KNOB;533;580;559;
100;GRAB;83;127;105;ONE;128;175;134;V;263;305;274;V;413;440;419;V;531;550;534;WAVE;608;680;634;
101;LEFT;123;155;139;PINCH;261;305;269;DENY;343;405;369;V;423;475;444;TWO;533;565;539;
102;PINCH;278;342;319;LEFT;393;405;399;RIGHT;406;435;414;LEFT;436;465;444;KNOB;503;545;544;
103;PINCH;313;375;344;ONE;458;500;464;
104;ONE;128;170;134;DENY;358;410;379;PINCH;438;510;469;
105;V;218;285;254;DENY;306;370;319;RIGHT;428;452;439;LEFT;453;465;459;
106;V;138;170;144;V;178;200;189;CIRCLE;201;230;214;OK;233;275;239;RIGHT;358;392;379;LEFT;393;420;399;LEFT;448;505;459;
107;DENY;143;225;164;PINCH;308;380;344;FOUR;453;510;459;MENU;598;645;604;
108;MENU;223;280;229;V;433;475;459;FOUR;548;600;554;
109;LEFT;173;215;194;RIGHT;216;240;224;OK;348;390;354;KNOB;463;600;494;
110;KNOB;3;45;9;OK;123;165;129;GRAB;213;285;249;CIRCLE;323;357;354;V;456;485;474;MENU;573;600;579;
111;PINCH;148;215;179;MENU;273;320;279;RIGHT;353;385;369;THREE;478;525;484;KNOB;563;620;604;
112;FOUR;173;215;179;OK;253;305;259;TWO;383;425;389;LEFT;498;540;519;RIGHT;541;560;549;
113;CIRCLE;213;292;259;CIRCLE;306;337;309;CIRCLE;391;430;394;MENU;443;480;449;
114;ONE;118;140;124;PINCH;203;235;214;MENU;328;350;334;
115;KNOB;158;275;194;ONE;298;340;304;GRAB;378;445;419;LEFT;483;525;504;
116;RIGHT;133;160;149;THREE;458;480;464;
117;V;178;210;184;MENU;278;325;284;FOUR;443;490;449;GRAB;523;595;569;
118;DENY;123;180;139;GRAB;238;295;274;TWO;418;445;424;LEFT;543;580;554;
119;RIGHT;53;70;64;DENY;133;215;159;MENU;243;300;249;ONE;428;465;434;
120;TWO;128;155;134;V;246;285;269;THREE;368;410;374;MENU;473;510;479;TWO;593;635;599;
121;CIRCLE;181;215;189;ONE;473;500;479;CIRCLE;538;570;569;
122;LEFT;108;130;119;MENU;388;415;394;PINCH;478;515;489;
123;THREE;113;150;119;KNOB;221;297;224;FOUR;298;335;304;PINCH;416;470;429;OK;528;580;534;
124;KNOB;113;200;149;LEFT;243;270;259;CIRCLE;383;420;399;MENU;473;505;479;RIGHT;573;592;584;
125;CIRCLE;11;40;29;FOUR;153;180;159;V;263;285;269;V;303;325;309;CIRCLE;326;352;334;ONE;353;400;359;V;573;610;579;
126;DENY;83;150;104;LEFT;208;230;219;WAVE;336;410;344;PINCH;458;500;474;MENU;573;600;579;
127;V;168;190;174;V;203;225;209;CIRCLE;226;290;234;V;491;535;494;
128;MENU;248;300;254;KNOB;378;510;399;GRAB;513;595;559;V;653;675;669;
129;RIGHT;183;215;199;LEFT;216;235;219;V;323;375;339;GRAB;433;515;474;THREE;578;625;584;
130;WAVE;73;155;94;LEFT;173;210;189;GRAB;243;320;279;MENU;493;535;499;
131;V;143;180;149;LEFT;238;285;259;RIGHT;286;305;294;V;378;435;384;CIRCLE;436;465;439;
132;KNOB;148;242;174;V;248;270;264;V;388;415;394;V;428;450;439;CIRCLE;451;480;459;OK;493;535;499;KNOB;588;655;624;
133;OK;228;275;234;THREE;363;395;369;ONE;453;485;459;
134;DENY;143;230;164;CROSS;498;547;539;
135;ONE;128;160;134;
136;ONE;118;160;124;CROSS;258;290;279;RIGHT;358;385;374;V;468;495;489;CIRCLE;496;540;499;LEFT;578;610;594;
137;CIRCLE;213;272;239;OK;473;500;479;
138;KNOB;103;180;139;MENU;223;250;229;RIGHT;323;350;339;
139;WAVE;3;127;9;PINCH;128;175;139;OK;248;295;254;DENY;358;430;384;
140;WAVE;38;75;49;WAVE;83;112;104;OK;113;160;119;ONE;218;250;224;THREE;458;500;464;
141;RIGHT;153;182;174;LEFT;183;195;189;TWO;278;320;284;LEFT;428;460;449;CIRCLE;571;600;579;
142;KNOB;53;185;64;WAVE;218;295;239;OK;338;380;344;LEFT;433;462;449;RIGHT;463;475;469;RIGHT;533;560;554;LEFT;561;575;564;
143;KNOB;248;350;279;TWO;383;415;389;WAVE;498;555;514;
144;MENU;148;195;154;
