1;CIRCLE;113;170;139;ONE;198;240;204;RIGHT;313;332;324;LEFT;333;345;339;TWO;413;460;419;ONE;508;550;514;
2;PINCH;113;170;134;WAVE;213;305;244;KNOB;343;445;379;FOUR;448;485;454;DENY;548;625;569;
3;PINCH;128;190;144;MENU;238;290;244;CIRCLE;373;420;379;KNOB;458;572;494;V;586;610;594;
4;ONE;253;290;259;TWO;358;385;364;OK;473;515;479;
5;RIGHT;308;320;319;FOUR;323;360;329;RIGHT;408;425;424;KNOB;446;495;449;MENU;523;560;529;
6;RIGHT;138;162;154;LEFT;163;175;169;TWO;498;540;504;
7;V;136;170;144;GRAB;208;285;249;MENU;358;405;364;PINCH;438;500;459;V;578;600;589;
8;LEFT;123;160;144;CIRCLE;453;520;494;
9;MENU;233;290;239;PINCH;333;385;359;ONE;443;480;449;
10;ONE;133;160;139;WAVE;223;295;244;OK;358;400;364;LEFT;448;485;464;FOUR;538;572;544;
11;CIRCLE;138;165;154;V;288;345;314;RIGHT;418;442;434;ONE;508;555;514;
12;KNOB;98;215;134;FOUR;248;285;254;PINCH;378;405;404;V;406;450;409;CIRCLE;451;485;459;
13;V;153;175;159;CIRCLE;198;235;199;MENU;268;320;274;TWO;408;445;414;WAVE;493;530;504;
14;V;113;165;129;CIRCLE;381;410;384;THREE;428;445;434;
15;THREE;143;190;149;DENY;243;330;269;WAVE;348;440;374;KNOB;576;625;584;
16;V;148;185;154;CIRCLE;243;302;259;MENU;428;460;434;DENY;523;595;544;
17;FOUR;233;270;239;GRAB;318;400;359;ONE;448;490;454;
18;LEFT;143;185;149;WAVE;268;350;289;GRAB;363;440;399;TWO;518;560;524;
19;KNOB;13;105;34;FOUR;183;225;189;LEFT;273;285;284;RIGHT;286;310;294;LEFT;311;340;314;GRAB;373;450;414;V;516;547;519;
20;KNOB;3;50;34;CROSS;118;147;132;CIRCLE;158;200;169;OK;248;290;254;RIGHT;358;375;369;LEFT;376;390;379;WAVE;438;530;464;THREE;543;580;549;
21;LEFT;123;155;129;PINCH;348;390;364;KNOB;403;475;424;
22;GRAB;103;160;139;V;263;295;269;DENY;458;520;479;
23;THREE;138;190;144;WAVE;258;340;284;DENY;443;500;464;
24;KNOB;63;125;74;LEFT;143;155;149;RIGHT;156;170;164;PINCH;248;285;259;DENY;328;385;344;
25;OK;268;295;274;LEFT;373;420;384;THREE;488;525;494;
26;GRAB;113;175;149;ONE;273;300;279;THREE;393;420;399;FOUR;513;540;519;CIRCLE;593;622;614;V;623;645;629;
27;V;153;200;159;GRAB;243;325;289;KNOB;398;460;424;ONE;473;520;479;V;601;635;614;
28;MENU;128;150;134;PINCH;238;285;249;CIRCLE;376;425;379;KNOB;473;570;499;WAVE;573;650;594;
29;LEFT;3;35;19;LEFT;38;72;59;LEFT;88;115;99;KNOB;116;187;139;LEFT;188;215;199;THREE;248;285;254;RIGHT;443;457;449;RIGHT;493;512;504;LEFT;513;535;519;LEFT;548;560;559;OK;568;600;574;
30;OK;118;150;124;KNOB;168;210;179;FOUR;213;245;219;
31;MENU;148;190;154;RIGHT;258;285;279;LEFT;286;300;289;V;448;485;469;
32;OK;148;175;154;CIRCLE;238;305;254;WAVE;363;450;379;DENY;458;515;479;TWO;588;615;594;
33;LEFT;123;180;129;WAVE;243;315;264;V;471;525;479;
34;WAVE;3;50;49;WAVE;123;215;149;THREE;268;310;274;LEFT;353;400;364;DENY;458;545;484;GRAB;583;670;624;
35;KNOB;188;235;214;TWO;353;400;359;CIRCLE;473;507;494;DENY;573;640;594;
36;RIGHT;138;165;154;MENU;353;400;359;TWO;463;500;469;
37;OK;233;275;239;V;323;370;339;KNOB;398;480;449;
38;V;153;182;159;LEFT;313;355;319;LEFT;408;422;414;RIGHT;423;440;429;LEFT;441;460;444;V;508;527;517;CIRCLE;528;555;539;
39;OK;123;175;129;WAVE;228;310;249;PINCH;338;375;354;DENY;523;590;544;
40;TWO;128;160;134;LEFT;293;305;299;RIGHT;306;327;314;LEFT;328;350;334;PINCH;413;465;439;LEFT;553;600;559;
41;LEFT;23;50;39;LEFT;68;85;84;WAVE;143;220;164;FOUR;333;365;339;V;461;480;464;GRAB;516;570;554;
42;DENY;248;317;269;MENU;353;395;359;RIGHT;478;495;489;LEFT;496;510;499;GRAB;558;617;599;
43;FOUR;108;140;114;ONE;218;245;224;FOUR;323;355;329;
44;ONE;153;185;159;THREE;293;320;299;KNOB;328;380;354;WAVE;408;485;429;CIRCLE;528;555;534;
45;LEFT;293;305;299;RIGHT;306;320;314;TWO;418;445;424;ONE;538;560;544;CIRCLE;658;715;674;
46;RIGHT;118;145;139;CIRCLE;203;250;219;DENY;483;545;499;
47;GRAB;233;297;274;KNOB;298;347;309;THREE;348;390;354;
48;LEFT;98;117;114;RIGHT;118;132;124;LEFT;133;145;139;TWO;223;250;229;KNOB;251;300;269;FOUR;348;390;354;LEFT;468;520;484;
49;RIGHT;146;167;154;LEFT;168;195;174;THREE;283;310;289;TWO;478;520;484;PINCH;568;625;589;
50;GRAB;273;355;319;OK;553;600;559;
51;ONE;108;145;114;CIRCLE;198;280;239;CIRCLE;411;450;419;PINCH;458;520;484;
52;GRAB;128;195;169;THREE;273;300;279;ONE;378;400;384;FOUR;628;655;634;
53;KNOB;13;140;39;MENU;143;185;149;WAVE;213;295;239;V;346;385;354;TWO;538;575;544;
54;KNOB;63;200;114;FOUR;338;390;344;LEFT;468;480;474;RIGHT;481;500;489;LEFT;501;515;504;
55;GRAB;268;330;309;KNOB;483;545;509;
56;KNOB;136;190;144;TWO;263;320;269;LEFT;368;410;384;MENU;538;575;544;
57;PINCH;133;165;144;V;253;272;264;THREE;373;395;379;
58;WAVE;3;62;49;OK;163;210;169;TWO;293;330;299;ONE;408;465;414;PINCH;518;585;544;
59;DENY;113;180;139;LEFT;248;300;254;GRAB;333;405;379;
60;WAVE;38;92;49;PINCH;93;145;109;KNOB;183;265;209;V;388;435;409;
61;THREE;148;185;154;KNOB;318;400;354;FOUR;448;490;454;MENU;563;595;569;
62;GRAB;168;220;209;LEFT;323;335;334;RIGHT;336;352;344;LEFT;353;365;359;MENU;423;455;429;
63;DENY;98;180;124;WAVE;188;275;214;FOUR;458;500;464;
64;OK;118;160;124;KNOB;203;300;239;PINCH;378;405;384;GRAB;468;535;504;
65;CROSS;146;175;149;GRAB;183;240;224;
66;KNOB;21;60;34;CIRCLE;123;162;149;KNOB;198;250;224;WAVE;328;415;349;DENY;468;535;489;
67;THREE;193;210;199;DENY;273;340;289;CIRCLE;393;425;399;WAVE;468;535;489;
68;LEFT;163;205;174;MENU;273;305;279;FOUR;458;490;464;
69;KNOB;158;225;184;CIRCLE;258;335;274;LEFT;433;465;444;V;586;610;594;
70;LEFT;113;150;129;OK;228;280;234;GRAB;323;347;335;GRAB;356;400;364;DENY;418;495;439;FOUR;528;570;534;
71;ONE;228;255;234;CIRCLE;333;360;349;THREE;453;490;459;V;523;560;539;
72;GRAB;243;305;279;DENY;368;420;389;THREE;458;485;464;PINCH;578;630;599;
73;FOUR;148;190;154;PINCH;278;330;304;GRAB;363;435;404;ONE;488;540;494;RIGHT;628;667;649;LEFT;668;685;674;
74;RIGHT;308;332;324;GRAB;478;535;514;
75;THREE;148;225;154;KNOB;268;350;299;GRAB;351;420;379;ONE;468;505;474;PINCH;598;655;619;
76;KNOB;3;52;39;TWO;218;260;224;GRAB;323;410;369;CIRCLE;458;495;464;
77;WAVE;128;210;154;FOUR;238;275;244;DENY;443;515;469;
78;CIRCLE;133;200;169;PINCH;258;335;289;OK;458;505;464;
79;TWO;133;165;139;V;333;352;339;V;366;390;374;V;428;465;434;OK;513;550;519;
80;KNOB;143;192;174;MENU;238;290;244;TWO;358;400;364;V;443;485;449;
81;THREE;98;125;104;LEFT;168;195;179;LEFT;223;245;239;PINCH;268;310;284;CIRCLE;446;475;449;KNOB;488;575;524;
82;KNOB;148;230;184;CIRCLE;308;335;314;V;401;420;409;
83;THREE;318;335;324;GRAB;398;455;429;WAVE;493;560;519;
84;OK;143;185;149;MENU;368;415;374;FOUR;498;540;504;
85;WAVE;133;210;154;PINCH;428;455;439;CIRCLE;528;580;539;
86;GRAB;203;265;254;GRAB;268;335;304;MENU;433;480;439;PINCH;538;590;549;TWO;653;700;659;
87;KNOB;118;205;154;PINCH;318;362;339;V;363;390;379;WAVE;433;500;454;
88;DENY;128;195;149;KNOB;343;420;369;THREE;448;475;454;
89;DENY;103;175;124;OK;203;240;209;ONE;293;335;299;KNOB;358;435;389;FOUR;463;500;469;
90;RIGHT;118;132;124;LEFT;133;145;139;DENY;308;385;329;LEFT;428;470;439;WAVE;543;590;569;
91;GRAB;103;160;139;CIRCLE;238;300;249;V;363;385;369;LEFT;473;505;484;
92;LEFT;348;390;354;KNOB;453;530;459;ONE;533;575;539;
93;LEFT;138;180;154;V;331;375;344;CIRCLE;453;505;484;ONE;533;570;539;
94;LEFT;148;195;154;OK;283;330;289;TWO;388;430;394;GRAB;488;527;507;GRAB;536;570;539;KNOB;573;645;614;
95;CIRCLE;171;220;174;LEFT;263;275;269;RIGHT;276;297;284;LEFT;298;320;304;MENU;378;435;384;CIRCLE;511;542;539;V;543;562;554;CIRCLE;563;595;564;PINCH;608;670;629;
96;CIRCLE;131;165;134;RIGHT;313;330;324;LEFT;418;450;429;ONE;523;545;529;
97;LEFT;263;277;274;RIGHT;278;297;284;LEFT;298;325;304;KNOB;393;515;434;CIRCLE;576;605;584;
98;WAVE;238;325;259;LEFT;358;385;369;FOUR;468;495;474;
99;MENU;203;225;209;RIGHT;318;340;324;WAVE;388;480;419;KNOB;523;580;554;
100;ONE;128;175;134;V;268;297;279;CIRCLE;478;530;519;WAVE;603;680;629;
101;LEFT;123;160;139;PINCH;248;300;269;DENY;343;405;369;V;428;475;454;TWO;533;565;539;
102;CIRCLE;161;205;169;PINCH;288;340;314;RIGHT;406;435;414;LEFT;436;460;439;
103;PINCH;318;375;339;ONE;458;500;464;
104;ONE;128;165;134;CIRCLE;283;352;309;PINCH;448;490;469;
105;V;238;285;249;DENY;306;370;319;RIGHT;428;450;444;LEFT;451;465;454;
106;V;138;165;149;CIRCLE;173;220;189;OK;233;275;239;LEFT;358;370;364;RIGHT;371;392;379;LEFT;393;420;399;LEFT;453;510;459;
107;DENY;143;225;164;PINCH;313;385;339;FOUR;458;510;464;MENU;593;645;599;
108;MENU;223;280;229;THREE;323;355;329;V;428;490;454;FOUR;553;600;559;
109;LEFT;178;220;184;RIGHT;221;235;229;OK;348;390;354;KNOB;468;595;509;
110;OK;123;165;129;GRAB;213;262;249;V;453;490;474;KNOB;503;545;529;MENU;573;600;579;
111;PINCH;148;215;179;MENU;273;320;279;LEFT;353;365;364;RIGHT;366;382;374;LEFT;383;395;389;THREE;478;525;484;KNOB;563;620;604;
112;FOUR;178;215;184;OK;253;305;259;TWO;383;425;389;LEFT;498;542;504;RIGHT;543;555;549;
113;CIRCLE;246;282;264;CIRCLE;291;322;294;CIRCLE;386;425;389;MENU;443;480;449;
114;ONE;118;140;124;PINCH;208;235;219;MENU;328;350;334;
115;LEFT;28;45;39;KNOB;153;285;184;ONE;298;340;304;GRAB;373;445;419;LEFT;483;525;489;
116;RIGHT;133;160;149;CIRCLE;373;415;374;THREE;458;480;464;
117;CIRCLE;173;215;179;MENU;278;325;284;FOUR;443;490;449;GRAB;523;595;564;
118;DENY;123;190;139;GRAB;238;295;274;TWO;418;445;424;LEFT;543;580;554;
119;DENY;138;215;159;MENU;243;295;249;ONE;428;465;434;
120;KNOB;181;240;209;V;251;285;264;THREE;368;410;374;MENU;473;510;479;TWO;598;635;604;
121;CIRCLE;163;210;169;OK;263;290;269;ONE;473;495;479;CIRCLE;553;625;569;
122;LEFT;108;135;119;MENU;388;415;394;PINCH;478;510;489;
123;THREE;113;150;119;KNOB;173;297;199;FOUR;298;335;304;PINCH;398;470;424;OK;528;580;534;
124;KNOB;118;215;144;LEFT;248;270;259;CIRCLE;373;415;379;MENU;478;505;484;RIGHT;578;592;584;
125;FOUR;153;180;159;CIRCLE;308;350;329;ONE;358;400;364;THREE;458;490;464;V;573;610;604;
126;DENY;83;150;104;LEFT;208;235;219;WAVE;318;410;344;PINCH;463;500;474;MENU;573;600;579;
127;V;168;190;174;V;203;225;209;CIRCLE;258;287;272;CIRCLE;296;335;299;V;491;535;494;
128;MENU;248;300;254;KNOB;388;520;424;GRAB;521;595;559;V;653;672;662;
129;RIGHT;183;215;204;LEFT;216;235;219;V;333;375;349;GRAB;433;515;469;THREE;578;625;584;
130;WAVE;78;135;94;LEFT;173;210;189;GRAB;243;315;279;MENU;493;535;499;
131;V;143;190;149;LEFT;243;290;254;V;378;435;389;
132;KNOB;148;250;179;CIRCLE;271;320;279;V;391;410;394;CIRCLE;423;480;434;OK;493;535;499;KNOB;598;655;629;
133;OK;228;275;234;THREE;358;395;364;ONE;453;485;459;
134;DENY;143;230;164;THREE;293;360;299;CROSS;503;547;525;
135;ONE;128;160;134;CIRCLE;251;277;259;V;353;375;359;
136;ONE;118;160;124;LEFT;383;395;389;V;468;495;484;LEFT;578;615;594;
137;CIRCLE;223;290;239;OK;473;500;479;
138;KNOB;108;195;139;MENU;223;250;229;RIGHT;323;350;339;
139;WAVE;3;85;9;PINCH;128;175;139;OK;248;295;254;DENY;358;430;384;
140;WAVE;38;70;49;OK;113;160;119;ONE;218;250;224;THREE;458;500;464;
141;RIGHT;158;182;174;LEFT;183;195;189;TWO;283;320;289;LEFT;428;460;439;CIRCLE;543;595;584;
142;KNOB;78;200;129;WAVE;218;295;239;OK;338;380;344;LEFT;433;470;444;RIGHT;546;560;554;LEFT;561;575;564;
143;KNOB;248;355;279;TWO;383;415;389;WAVE;493;555;514;
144;MENU;148;195;154;
