1;CIRCLE;123;156;133;ONE;193;239;203;RIGHT;321;332;331;TWO;392;460;402;ONE;510;548;520;
2;PINCH;56;79;66;PINCH;118;177;128;WAVE;238;260;248;KNOB;365;400;375;PINCH;473;478;478;DENY;570;621;580;
3;GRAB;145;174;155;MENU;248;285;258;CIRCLE;349;412;359;KNOB;482;635;492;
4;ONE;246;290;256;V;362;395;372;OK;487;525;497;
5;GRAB;22;26;26;GRAB;172;182;182;GRAB;328;355;338;FOUR;529;555;539;
6;OK;33;39;39;CIRCLE;140;159;150;CROSS;402;444;412;TWO;505;553;515;
7;V;131;157;141;GRAB;237;273;247;MENU;368;397;378;PINCH;447;495;457;CIRCLE;574;625;584;
8;OK;61;82;71;LEFT;130;155;140;CROSS;340;380;350;CIRCLE;471;518;481;
9;MENU;243;287;253;PINCH;341;377;351;ONE;444;480;454;
10;ONE;138;161;148;WAVE;239;289;249;OK;364;399;374;LEFT;459;492;469;
11;FOUR;82;98;92;CIRCLE;131;177;141;V;302;342;312;RIGHT;427;443;437;ONE;516;549;526;
12;KNOB;121;206;131;CIRCLE;225;229;229;MENU;250;296;260;V;394;461;404;CIRCLE;501;547;511;
13;V;16;28;26;GRAB;56;61;61;V;139;213;149;MENU;277;315;287;PINCH;339;344;344;PINCH;398;447;408;KNOB;496;547;506;
14;WAVE;48;53;53;V;120;156;130;DENY;186;190;190;CROSS;334;385;344;THREE;431;441;441;
15;OK;6;11;11;THREE;155;189;165;DENY;261;321;271;WAVE;368;411;378;KNOB;572;626;582;
16;V;138;178;148;CIRCLE;223;227;227;CIRCLE;258;321;268;MENU;430;464;440;DENY;548;590;558;
17;FOUR;239;272;249;GRAB;351;398;361;ONE;454;495;464;
18;CROSS;157;198;167;WAVE;285;326;295;RIGHT;369;374;374;GRAB;390;430;400;THREE;481;485;485;TWO;526;564;536;
19;PINCH;194;214;204;PINCH;256;261;261;RIGHT;290;328;300;GRAB;398;445;408;V;513;560;523;
20;CROSS;136;183;146;OK;254;280;264;RIGHT;357;384;367;WAVE;472;496;482;THREE;535;577;545;
21;WAVE;80;85;85;LEFT;128;168;138;PINCH;348;383;358;KNOB;424;482;434;
22;GRAB;128;150;138;V;257;299;267;CIRCLE;471;526;481;
23;THREE;150;184;160;WAVE;282;314;292;MENU;366;376;376;DENY;458;508;468;
24;PINCH;72;95;82;CIRCLE;151;185;161;GRAB;260;289;270;DENY;343;378;353;
25;OK;279;287;287;LEFT;385;417;395;
26;GRAB;138;171;148;ONE;279;301;289;PINCH;400;414;410;FOUR;516;543;526;V;620;651;630;
27;KNOB;42;47;47;V;145;204;155;GRAB;259;309;269;ONE;390;530;400;DENY;591;642;601;
28;MENU;134;147;144;PINCH;249;278;259;CROSS;345;404;355;KNOB;489;546;499;WAVE;589;632;599;
29;MENU;32;37;37;TWO;72;89;82;KNOB;136;164;146;PINCH;266;272;272;PINCH;325;330;330;CIRCLE;385;389;389;RIGHT;448;457;457;RIGHT;496;543;506;
30;DENY;17;23;23;DENY;95;99;99;OK;121;141;131;FOUR;221;253;231;CROSS;296;345;306;
31;DENY;44;53;53;MENU;152;176;162;RIGHT;268;286;278;V;460;485;470;
32;OK;150;169;160;CIRCLE;255;288;265;WAVE;377;417;387;CIRCLE;463;522;473;TWO;588;613;598;
33;LEFT;124;190;134;KNOB;271;331;281;V;455;522;465;
34;OK;26;31;31;WAVE;148;184;158;THREE;273;308;283;LEFT;359;397;369;DENY;478;538;488;GRAB;610;672;620;
35;CROSS;139;177;149;RIGHT;202;212;212;OK;243;259;253;TWO;359;390;369;CIRCLE;480;517;490;DENY;592;625;602;
36;RIGHT;147;179;157;MENU;364;394;374;TWO;467;496;477;
37;OK;244;274;254;V;331;366;341;KNOB;436;482;446;
38;V;153;186;163;LEFT;317;348;327;CIRCLE;411;443;421;CIRCLE;502;558;512;
39;OK;130;169;140;WAVE;245;280;255;CIRCLE;305;310;310;PINCH;344;372;354;DENY;539;583;549;
40;PINCH;131;159;141;RIGHT;299;338;309;PINCH;425;476;435;LEFT;560;570;570;LEFT;593;605;603;
41;WAVE;137;209;147;PINCH;339;367;349;CIRCLE;434;474;444;GRAB;540;573;550;
42;CROSS;133;178;143;DENY;266;312;276;RIGHT;481;500;491;GRAB;589;614;599;
43;TWO;112;147;122;ONE;224;239;234;FOUR;331;350;341;
44;PINCH;90;94;94;ONE;161;184;171;WAVE;251;255;255;ONE;303;316;313;KNOB;339;352;349;WAVE;422;456;432;CROSS;513;548;523;
45;V;160;199;170;RIGHT;311;323;321;TWO;422;443;432;ONE;546;562;556;CIRCLE;672;727;682;
46;RIGHT;128;146;138;CIRCLE;224;269;234;ONE;339;356;349;CIRCLE;495;544;505;
47;TWO;144;186;154;GRAB;266;292;276;ONE;358;382;368;
48;RIGHT;98;135;108;TWO;225;250;235;PINCH;355;388;365;V;416;423;423;LEFT;497;520;507;
49;PINCH;37;48;47;RIGHT;137;186;147;MENU;332;336;336;ONE;376;416;386;PINCH;474;531;484;PINCH;589;632;599;
50;GRAB;282;345;292;KNOB;462;509;472;GRAB;530;536;536;OK;578;585;585;
51;ONE;113;143;123;CIRCLE;222;277;232;V;392;437;402;PINCH;471;527;481;
52;GRAB;158;191;168;THREE;281;296;291;ONE;385;403;395;OK;497;509;507;FOUR;633;651;643;
53;MENU;154;180;164;WAVE;231;266;241;V;340;378;350;CROSS;436;483;446;TWO;541;584;551;
54;KNOB;121;164;131;KNOB;286;304;296;PINCH;359;390;369;RIGHT;471;506;481;
55;GRAB;306;326;316;OK;409;415;415;KNOB;517;547;527;
56;KNOB;126;177;136;GRAB;228;237;237;TWO;276;319;286;LEFT;374;402;384;MENU;544;577;554;
57;PINCH;136;163;146;V;250;278;260;PINCH;377;392;387;PINCH;554;583;564;
58;OK;44;53;53;OK;167;199;177;TWO;303;328;313;ONE;415;457;425;PINCH;530;588;540;
59;DENY;127;173;137;LEFT;274;310;284;GRAB;375;403;385;
60;PINCH;103;147;113;KNOB;205;241;215;V;395;427;405;
61;THREE;159;180;169;KNOB;346;386;356;FOUR;456;490;466;MENU;573;597;583;
62;PINCH;202;244;212;RIGHT;330;371;340;MENU;525;539;535;CIRCLE;572;580;580;
63;DENY;121;170;131;WAVE;207;246;217;FOUR;467;508;477;
64;OK;123;149;133;KNOB;229;262;239;PINCH;383;403;393;V;424;428;428;THREE;476;481;481;GRAB;501;529;511;
65;PINCH;26;43;36;CROSS;96;160;106;GRAB;214;261;224;
66;WAVE;77;83;83;CIRCLE;130;206;140;CIRCLE;233;238;238;WAVE;345;386;355;DENY;485;537;495;
67;THREE;196;209;206;CIRCLE;287;331;297;CROSS;376;413;386;WAVE;478;519;488;
68;LEFT;169;196;179;MENU;280;301;290;OK;470;486;480;
69;KNOB;166;216;176;CIRCLE;278;314;288;LEFT;446;459;456;V;577;618;587;
70;LEFT;122;143;132;OK;238;270;248;GRAB;343;400;353;DENY;434;487;444;FOUR;533;573;543;
71;CROSS;115;156;125;ONE;234;255;244;CIRCLE;342;368;352;THREE;471;490;481;V;533;554;543;
72;FOUR;157;180;167;GRAB;270;305;280;DENY;381;416;391;THREE;466;482;476;PINCH;583;631;593;
73;RIGHT;248;253;253;GRAB;286;317;296;GRAB;409;416;416;ONE;500;544;510;RIGHT;638;680;648;
74;TWO;148;163;158;RIGHT;319;338;329;FOUR;396;415;406;GRAB;503;531;513;
75;THREE;195;221;205;KNOB;287;333;297;GRAB;373;413;383;ONE;470;505;480;WAVE;548;554;554;PINCH;602;644;612;
76;PINCH;16;20;20;PINCH;44;51;51;TWO;227;251;237;GRAB;356;405;366;CROSS;446;497;456;
77;WAVE;143;189;153;FOUR;247;276;257;GRAB;410;416;416;DENY;464;520;474;
78;CIRCLE;145;190;155;PINCH;270;330;280;OK;466;493;476;
79;PINCH;139;174;149;MENU;205;210;210;V;330;389;340;V;415;470;425;OK;519;544;529;
80;KNOB;150;184;160;MENU;247;286;257;PINCH;309;313;313;PINCH;354;396;364;V;431;497;441;DENY;549;602;559;
81;GRAB;275;331;285;CIRCLE;370;445;380;KNOB;521;553;531;
82;KNOB;169;223;179;CROSS;284;326;294;V;391;436;401;FOUR;501;514;511;CIRCLE;530;535;535;
83;TWO;190;208;200;THREE;316;332;326;GRAB;423;452;433;WAVE;514;551;524;
84;CIRCLE;113;127;123;OK;156;172;166;MENU;377;407;387;MENU;505;528;515;
85;WAVE;151;183;161;CROSS;299;334;309;PINCH;432;453;442;CIRCLE;539;565;549;
86;GRAB;297;327;307;PINCH;546;583;556;PINCH;657;709;667;
87;KNOB;147;183;157;PINCH;337;392;347;WAVE;447;495;457;
88;DENY;140;189;150;TWO;242;266;252;KNOB;359;400;369;THREE;459;471;469;OK;548;565;558;
89;DENY;117;164;127;OK;208;229;218;ONE;297;333;307;KNOB;383;415;393;FOUR;468;499;478;
90;PINCH;66;70;70;RIGHT;106;132;116;TWO;220;245;230;DENY;307;389;317;LEFT;439;470;449;WAVE;544;568;554;
91;GRAB;130;159;140;CIRCLE;251;282;261;V;356;393;366;LEFT;482;504;492;
92;CIRCLE;232;262;242;KNOB;457;498;467;ONE;539;579;549;
93;PINCH;86;96;96;WAVE;122;127;127;LEFT;150;173;160;V;328;368;338;DENY;389;393;393;CROSS;438;482;448;ONE;535;568;545;
94;LEFT;149;205;159;OK;290;317;300;PINCH;392;426;402;GRAB;529;556;539;KNOB;608;644;618;
95;GRAB;6;25;16;CIRCLE;148;210;158;RIGHT;264;317;274;MENU;386;433;396;PINCH;455;460;460;DENY;499;592;509;GRAB;626;680;636;
96;CROSS;119;151;129;FOUR;204;225;214;RIGHT;316;337;326;LEFT;427;447;437;ONE;528;543;538;
97;RIGHT;275;314;285;KNOB;430;484;440;CIRCLE;530;598;540;
98;WAVE;256;298;266;FOUR;470;503;480;
99;MENU;209;223;219;RIGHT;319;339;329;WAVE;405;447;415;KNOB;550;589;560;
100;ONE;132;175;142;V;263;311;273;CROSS;382;436;392;CIRCLE;496;552;506;WAVE;632;675;642;
101;LEFT;128;151;138;PINCH;254;301;264;DENY;361;405;371;V;437;465;447;TWO;536;564;546;
102;CIRCLE;132;191;142;GRAB;297;357;307;RIGHT;399;453;409;GRAB;489;494;494;KNOB;513;545;523;
103;THREE;136;140;140;PINCH;326;362;336;ONE;462;509;472;
104;PINCH;63;68;68;ONE;130;167;140;CIRCLE;262;406;272;PINCH;427;512;437;
105;V;230;287;240;DENY;310;364;320;RIGHT;438;458;448;
106;V;148;207;158;OK;236;263;246;GRAB;340;344;344;RIGHT;360;393;370;RIGHT;452;457;457;ONE;500;514;510;GRAB;588;593;593;
107;DENY;162;215;172;PINCH;331;361;341;FOUR;463;506;473;MENU;609;645;619;
108;MENU;235;276;245;KNOB;438;493;448;GRAB;559;600;569;
109;RIGHT;12;21;21;CIRCLE;213;234;223;OK;370;380;380;KNOB;504;586;514;MENU;628;640;638;
110;OK;127;158;137;GRAB;245;273;255;CIRCLE;337;375;347;V;454;489;464;DENY;513;539;523;
111;PINCH;157;212;167;MENU;283;317;293;RIGHT;360;388;370;THREE;481;526;491;KNOB;586;627;596;
112;MENU;209;219;219;OK;262;282;272;V;368;425;378;LEFT;499;549;509;GRAB;604;608;608;
113;CIRCLE;236;302;246;CROSS;342;387;352;MENU;449;474;459;
114;ONE;122;140;132;PINCH;211;232;221;MENU;338;349;348;
115;PINCH;48;54;54;KNOB;189;243;199;ONE;303;339;313;GRAB;395;439;405;LEFT;498;524;508;
116;RIGHT;147;163;157;CROSS;356;400;366;THREE;463;473;473;
117;CROSS;154;198;164;MENU;288;322;298;FOUR;446;490;456;GRAB;548;605;558;
118;DENY;135;181;145;GRAB;267;294;277;TWO;419;452;429;LEFT;558;574;568;
119;RIGHT;50;71;60;DENY;157;199;167;MENU;244;287;254;ONE;436;477;446;
120;FOUR;131;176;141;V;246;280;256;LEFT;371;428;381;LEFT;481;515;491;PINCH;556;578;566;TWO;601;635;611;
121;CROSS;151;198;161;OK;267;281;277;ONE;472;496;482;CIRCLE;564;626;574;
122;LEFT;121;130;130;OK;258;271;268;MENU;393;409;403;PINCH;478;522;488;
123;THREE;120;147;130;KNOB;211;259;221;FOUR;303;336;313;PINCH;422;462;432;OK;540;546;546;
124;KNOB;135;188;145;LEFT;254;262;262;CROSS;354;398;364;MENU;483;503;493;RIGHT;576;590;586;
125;V;11;20;20;MENU;161;178;171;CROSS;222;226;226;CROSS;243;337;253;ONE;358;393;368;PINCH;459;469;469;V;572;614;582;
126;DENY;95;146;105;LEFT;216;232;226;WAVE;331;381;341;PINCH;470;500;480;MENU;581;598;591;
127;V;165;233;175;CIRCLE;273;327;283;V;487;530;497;
128;V;14;19;19;KNOB;150;198;160;GRAB;219;231;229;MENU;254;297;264;KNOB;404;518;414;GRAB;542;609;552;CIRCLE;659;696;669;
129;RIGHT;184;216;194;V;338;364;348;GRAB;458;506;468;THREE;589;631;599;
130;FOUR;50;85;60;LEFT;164;204;174;GRAB;260;320;270;MENU;503;525;513;
131;DENY;133;191;143;LEFT;244;290;254;V;379;439;389;PINCH;564;598;574;
132;GRAB;7;22;17;KNOB;166;216;176;CIRCLE;240;457;250;PINCH;543;566;553;KNOB;626;662;636;
133;OK;231;235;235;OK;258;266;266;ONE;369;391;379;ONE;458;484;468;
134;DENY;161;219;171;THREE;283;288;288;CROSS;514;568;524;
135;ONE;132;167;142;CIRCLE;241;280;251;V;336;377;346;
136;CROSS;84;89;89;ONE;126;159;136;CROSS;261;303;271;LEFT;364;387;374;V;476;503;486;LEFT;601;613;611;
137;TWO;119;131;129;CIRCLE;244;278;254;
138;KNOB;118;170;128;MENU;234;247;244;RIGHT;337;372;347;V;435;470;445;TWO;540;559;550;
139;PINCH;128;174;138;OK;265;286;275;DENY;379;423;389;V;457;496;467;
140;WAVE;52;67;62;OK;123;152;133;ONE;221;248;231;TWO;465;508;475;
141;FOUR;27;32;32;RIGHT;160;181;170;TWO;291;319;301;LEFT;435;458;445;CIRCLE;562;610;572;
142;KNOB;123;168;133;WAVE;233;262;243;OK;344;369;354;LEFT;448;485;458;RIGHT;545;570;555;
143;KNOB;273;305;283;PINCH;391;416;401;WAVE;506;534;516;
144;MENU;166;191;176;PINCH;254;259;259;PINCH;279;309;289;KNOB;390;429;400;
