1;CIRCLE;123;169;133;ONE;202;236;212;TWO;399;435;409;ONE;511;547;521;
2;PINCH;119;134;129;PINCH;161;171;171;WAVE;239;261;249;KNOB;369;406;379;FOUR;451;485;461;DENY;571;621;581;
3;PINCH;144;153;153;MENU;246;286;256;CIRCLE;347;408;357;KNOB;479;625;489;
4;ONE;259;290;269;V;382;388;388;OK;480;525;490;
5;FOUR;541;554;551;
6;RIGHT;160;164;164;CROSS;400;445;410;TWO;506;543;516;
7;V;143;163;153;GRAB;238;280;248;MENU;369;397;379;PINCH;452;488;462;CIRCLE;583;625;593;
8;LEFT;135;155;145;CROSS;342;384;352;CIRCLE;472;518;482;
9;MENU;244;288;254;PINCH;344;374;354;ONE;443;480;453;
10;ONE;137;171;147;WAVE;238;288;248;OK;364;395;374;LEFT;459;483;469;
11;CIRCLE;133;183;143;V;302;341;312;RIGHT;432;441;441;ONE;516;546;526;
12;KNOB;121;187;131;CIRCLE;207;227;217;DENY;298;303;303;V;389;461;399;CIRCLE;490;547;500;
13;GRAB;16;20;20;V;140;204;150;MENU;276;316;286;TWO;400;413;410;GRAB;439;446;446;KNOB;512;547;522;
14;V;119;155;129;CROSS;335;385;345;
15;GRAB;117;122;122;THREE;157;186;167;DENY;263;325;273;WAVE;370;415;380;KNOB;578;626;588;
16;V;139;178;149;RIGHT;226;230;230;CIRCLE;262;322;272;RIGHT;445;466;455;DENY;537;590;547;
17;FOUR;239;268;249;GRAB;347;395;357;ONE;456;495;466;
18;LEFT;158;173;168;WAVE;287;327;297;GRAB;390;431;400;KNOB;554;564;564;
19;PINCH;222;256;232;RIGHT;275;305;285;RIGHT;332;336;336;GRAB;400;452;410;GRAB;505;539;515;
20;CROSS;142;188;152;OK;256;282;266;RIGHT;361;388;371;WAVE;470;497;480;THREE;555;578;565;
21;LEFT;137;161;147;PINCH;176;181;181;DENY;211;215;215;PINCH;352;389;362;KNOB;451;482;461;
22;PINCH;126;151;136;V;263;294;273;CIRCLE;472;526;482;
23;THREE;154;186;164;WAVE;267;316;277;DENY;459;508;469;
24;CIRCLE;168;201;178;PINCH;254;281;264;DENY;340;379;350;
25;OK;279;289;289;LEFT;392;430;402;THREE;496;518;506;
26;GRAB;137;171;147;ONE;280;296;290;THREE;398;417;408;FOUR;516;540;526;V;606;653;616;
27;V;148;196;158;GRAB;273;316;283;KNOB;393;431;403;PINCH;453;460;460;ONE;481;525;491;DENY;591;642;601;
28;MENU;133;148;143;PINCH;246;279;256;CROSS;351;408;361;KNOB;486;541;496;WAVE;589;634;599;
29;MENU;49;53;53;CROSS;70;95;80;KNOB;124;173;134;RIGHT;439;453;449;ONE;494;550;504;
30;OK;86;144;96;OK;199;204;204;FOUR;221;237;231;CIRCLE;296;345;306;
31;DENY;14;49;24;MENU;125;197;135;RIGHT;271;285;281;V;476;482;482;
32;OK;153;170;163;CIRCLE;247;293;257;WAVE;377;428;387;CIRCLE;470;520;480;TWO;587;614;597;
33;CIRCLE;47;51;51;LEFT;125;171;135;KNOB;272;335;282;V;468;522;478;
34;WAVE;147;188;157;THREE;280;309;290;LEFT;365;395;375;DENY;478;532;488;GRAB;610;672;620;
35;CROSS;139;180;149;DENY;245;262;255;DENY;302;306;306;TWO;359;396;369;CIRCLE;479;514;489;DENY;593;625;603;
36;MENU;364;397;374;TWO;470;506;480;
37;OK;235;277;245;V;327;358;337;KNOB;435;482;445;
38;V;147;188;157;LEFT;320;347;330;RIGHT;414;455;424;CIRCLE;526;558;536;
39;OK;129;172;139;WAVE;272;279;279;CIRCLE;305;312;312;PINCH;344;371;354;DENY;539;582;549;
40;CIRCLE;159;167;167;RIGHT;300;336;310;PINCH;422;489;432;CIRCLE;542;547;547;LEFT;566;605;576;
41;ONE;11;27;21;WAVE;152;185;162;CIRCLE;435;472;445;GRAB;541;557;551;MENU;573;581;581;
42;CROSS;133;175;143;DENY;264;314;274;MENU;363;390;373;RIGHT;478;517;488;PINCH;588;619;598;
43;FOUR;111;139;121;ONE;224;237;234;FOUR;333;356;343;
44;PINCH;77;81;81;ONE;152;181;162;OK;271;276;276;ONE;301;308;308;PINCH;338;352;348;WAVE;423;448;433;CROSS;514;550;524;
45;V;161;199;171;RIGHT;308;325;318;TWO;418;435;428;ONE;543;559;553;CIRCLE;669;727;679;
46;RIGHT;131;147;141;CIRCLE;216;263;226;ONE;340;353;350;CIRCLE;494;554;504;
47;OK;125;129;129;TWO;152;156;156;CIRCLE;177;190;187;GRAB;258;294;268;ONE;358;388;368;
48;RIGHT;105;129;115;DENY;162;166;166;DENY;388;410;398;
49;RIGHT;148;171;158;GRAB;332;337;337;ONE;377;417;387;TWO;465;484;475;V;514;519;519;PINCH;551;632;561;
50;GRAB;297;317;307;GRAB;338;356;348;KNOB;460;506;470;OK;528;565;538;
51;ONE;114;142;124;CIRCLE;208;273;218;CROSS;393;442;403;PINCH;475;527;485;
52;GRAB;150;188;160;THREE;282;294;292;ONE;386;399;396;OK;498;512;508;FOUR;633;653;643;
53;GRAB;112;117;117;MENU;153;178;163;WAVE;244;266;254;V;345;377;355;CROSS;424;484;434;TWO;540;574;550;
54;KNOB;110;152;120;DENY;277;281;281;RIGHT;475;498;485;
55;PINCH;294;325;304;OK;405;419;415;KNOB;518;547;528;
56;KNOB;139;176;149;GRAB;228;243;238;TWO;277;322;287;LEFT;379;400;389;MENU;548;577;558;
57;PINCH;135;162;145;V;244;277;254;THREE;377;392;387;FOUR;556;572;566;V;587;592;592;
58;OK;45;50;50;OK;167;199;177;TWO;300;333;310;ONE;416;459;426;PINCH;545;588;555;
59;DENY;124;173;134;LEFT;258;309;268;PINCH;368;403;378;
60;PINCH;96;135;106;KNOB;217;241;227;V;400;429;410;
61;THREE;158;181;168;KNOB;346;394;356;FOUR;457;490;467;MENU;576;597;586;
62;OK;169;174;174;PINCH;202;240;212;RIGHT;335;370;345;MENU;431;452;441;FOUR;530;545;540;
63;DENY;122;168;132;WAVE;212;246;222;MENU;305;310;310;FOUR;466;508;476;
64;OK;124;152;134;KNOB;234;254;244;DENY;292;297;297;PINCH;382;402;392;PINCH;496;531;506;
65;DENY;53;58;58;CROSS;99;161;109;PINCH;197;202;202;GRAB;217;245;227;PINCH;460;464;464;
66;CIRCLE;131;173;141;PINCH;196;208;206;WAVE;346;381;356;DENY;486;537;496;
67;THREE;198;211;208;CIRCLE;286;343;296;CROSS;374;410;384;WAVE;478;516;488;
68;LEFT;174;196;184;MENU;279;301;289;FOUR;479;491;489;
69;KNOB;180;214;190;CIRCLE;267;322;277;LEFT;443;455;453;V;572;623;582;
70;LEFT;124;139;134;OK;235;268;245;GRAB;343;397;353;DENY;435;486;445;FOUR;531;573;541;
71;PINCH;54;64;64;CROSS;114;151;124;ONE;230;253;240;CIRCLE;339;371;349;THREE;457;462;462;THREE;477;491;487;V;530;552;540;
72;FOUR;177;186;186;PINCH;272;305;282;DENY;382;416;392;THREE;462;482;472;PINCH;585;644;595;
73;V;286;323;296;V;411;423;421;ONE;491;539;501;RIGHT;637;680;647;
74;TWO;148;164;158;RIGHT;322;335;332;FOUR;398;415;408;PINCH;501;531;511;
75;THREE;155;174;165;THREE;195;222;205;KNOB;290;323;300;GRAB;383;416;393;ONE;471;502;481;PINCH;611;641;621;
76;TWO;246;258;256;GRAB;360;399;370;CROSS;447;497;457;
77;WAVE;132;181;142;FOUR;247;280;257;DENY;465;520;475;
78;OK;33;38;38;CIRCLE;155;197;165;PINCH;270;325;280;OK;464;496;474;
79;TWO;135;171;145;CROSS;325;378;335;V;415;461;425;OK;517;522;522;OK;543;557;553;
80;KNOB;149;182;159;MENU;245;287;255;V;354;363;363;CIRCLE;396;402;402;V;433;487;443;KNOB;550;602;560;
81;PINCH;273;325;283;CIRCLE;392;446;402;KNOB;522;546;532;
82;KNOB;169;212;179;CROSS;288;323;298;V;393;428;403;FOUR;500;506;506;
83;TWO;193;206;203;THREE;318;330;328;PINCH;421;452;431;WAVE;513;556;523;
84;CIRCLE;100;128;110;OK;149;175;159;MENU;378;399;388;RIGHT;420;425;425;CIRCLE;447;463;457;
85;WAVE;151;186;161;CROSS;299;335;309;PINCH;430;450;440;CIRCLE;538;567;548;
86;KNOB;249;253;253;GRAB;297;325;307;MENU;436;479;446;OK;512;517;517;PINCH;546;587;556;TWO;659;671;669;PINCH;700;709;709;
87;PINCH;326;387;336;WAVE;445;495;455;
88;DENY;140;189;150;TWO;247;266;257;KNOB;370;408;380;THREE;447;473;457;
89;DENY;118;164;128;OK;210;234;220;ONE;297;331;307;KNOB;383;416;393;FOUR;468;509;478;
90;PINCH;46;51;51;RIGHT;113;152;123;FOUR;245;250;250;DENY;321;372;331;LEFT;439;461;449;WAVE;543;575;553;
91;GRAB;128;159;138;CIRCLE;244;290;254;V;354;397;364;LEFT;482;501;492;
92;CIRCLE;228;274;238;LEFT;360;382;370;KNOB;461;498;471;ONE;539;579;549;
93;LEFT;146;177;156;DENY;267;272;272;V;330;380;340;CROSS;438;480;448;DENY;502;507;507;ONE;535;566;545;
94;LEFT;153;177;163;OK;289;323;299;CIRCLE;394;400;400;GRAB;526;537;536;PINCH;557;561;561;KNOB;589;614;599;KNOB;631;635;635;
95;V;14;28;24;CIRCLE;150;207;160;RIGHT;269;295;279;MENU;383;434;393;DENY;499;587;509;PINCH;625;637;635;GRAB;661;666;666;
96;CROSS;112;157;122;FOUR;203;222;213;RIGHT;316;340;326;LEFT;433;441;441;ONE;528;542;538;
97;RIGHT;298;311;308;KNOB;424;445;434;KNOB;466;488;476;CIRCLE;528;598;538;
98;WAVE;256;306;266;LEFT;369;374;374;FOUR;469;489;479;
99;MENU;209;223;219;RIGHT;318;341;328;WAVE;404;449;414;KNOB;552;562;562;KNOB;582;589;589;
100;ONE;134;168;144;V;266;311;276;CROSS;369;437;379;CIRCLE;505;549;515;WAVE;635;660;645;
101;LEFT;132;150;142;PINCH;249;288;259;DENY;362;399;372;V;441;470;451;TWO;536;562;546;
102;CIRCLE;138;191;148;PINCH;298;350;308;RIGHT;403;447;413;KNOB;509;545;519;
103;THREE;137;141;141;PINCH;327;373;337;ONE;456;509;466;
104;ONE;129;168;139;CIRCLE;274;423;284;PINCH;444;512;454;
105;V;218;289;228;DENY;316;364;326;RIGHT;451;459;459;
106;CROSS;125;209;135;OK;241;246;246;PINCH;341;345;345;RIGHT;365;409;375;LEFT;482;498;492;
107;DENY;161;221;171;PINCH;332;365;342;FOUR;465;504;475;MENU;612;645;622;
108;MENU;234;277;244;CIRCLE;302;307;307;KNOB;436;496;446;
109;DENY;142;155;152;LEFT;194;236;204;KNOB;509;579;519;
110;OK;127;160;137;PINCH;243;269;253;CIRCLE;339;372;349;V;461;490;471;DENY;526;536;536;MENU;580;597;590;
111;PINCH;168;210;178;MENU;286;322;296;RIGHT;365;387;375;THREE;482;522;492;KNOB;589;627;599;
112;TWO;385;399;395;V;419;427;427;LEFT;492;539;502;GRAB;594;604;604;
113;CIRCLE;236;298;246;CROSS;332;387;342;MENU;448;475;458;
114;ONE;129;140;139;PINCH;213;231;223;FOUR;337;349;347;
115;KNOB;194;247;204;ONE;303;340;313;GRAB;396;439;406;LEFT;501;514;511;
116;RIGHT;147;166;157;CROSS;358;392;368;THREE;465;477;475;
117;CROSS;145;204;155;MENU;291;321;301;FOUR;447;497;457;GRAB;546;605;556;
118;DENY;137;182;147;GRAB;274;290;284;TWO;422;435;432;LEFT;560;571;570;
119;RIGHT;64;79;74;DENY;153;201;163;THREE;265;291;275;ONE;435;477;445;
120;GRAB;12;16;16;FOUR;136;146;146;CIRCLE;245;281;255;ONE;372;423;382;MENU;482;515;492;DENY;559;564;564;TWO;599;633;609;
121;CROSS;147;194;157;OK;270;281;280;ONE;480;495;490;CIRCLE;562;611;572;
122;LEFT;120;137;130;OK;260;273;270;MENU;393;411;403;PINCH;479;518;489;
123;THREE;125;147;135;KNOB;215;264;225;FOUR;304;329;314;PINCH;423;459;433;OK;543;582;553;
124;KNOB;129;178;139;CROSS;351;399;361;MENU;483;505;493;RIGHT;578;598;588;
125;V;8;31;18;CROSS;247;300;257;ONE;341;401;351;THREE;441;455;451;V;560;614;570;
126;DENY;95;146;105;LEFT;217;231;227;WAVE;331;379;341;PINCH;465;499;475;MENU;580;599;590;
127;V;161;230;171;CIRCLE;273;325;283;V;470;530;480;
128;KNOB;156;233;166;MENU;258;298;268;KNOB;423;507;433;GRAB;543;558;553;PINCH;589;597;597;CIRCLE;638;696;648;
129;V;334;371;344;PINCH;458;501;468;THREE;591;631;601;
130;LEFT;185;204;195;GRAB;283;308;293;MENU;502;537;512;
131;DENY;124;185;134;LEFT;247;300;257;V;371;430;381;
132;V;11;32;21;KNOB;175;216;185;CIRCLE;244;333;254;CROSS;358;447;368;OK;492;541;502;KNOB;628;662;638;
133;OK;235;272;245;ONE;369;391;379;DENY;421;426;426;ONE;457;483;467;
134;V;68;81;78;CIRCLE;162;217;172;CIRCLE;525;568;535;
135;ONE;129;156;139;CIRCLE;245;281;255;V;334;378;344;
136;ONE;124;160;134;CROSS;186;190;190;CROSS;269;293;279;V;479;503;489;LEFT;568;602;578;
137;THREE;119;130;129;CIRCLE;234;282;244;OK;491;499;499;
138;KNOB;120;174;130;MENU;233;250;243;RIGHT;336;358;346;V;440;469;450;KNOB;542;561;552;
139;PINCH;129;143;139;PINCH;164;169;169;OK;266;286;276;DENY;378;423;388;CIRCLE;458;507;468;
140;OK;122;152;132;ONE;222;247;232;THREE;470;508;480;
141;RIGHT;167;196;177;TWO;295;317;305;LEFT;437;459;447;CIRCLE;569;610;579;
142;KNOB;127;166;137;WAVE;236;258;246;LEFT;450;464;460;RIGHT;542;567;552;
143;KNOB;280;304;290;WAVE;507;525;517;
144;MENU;160;190;170;PINCH;208;213;213;GRAB;307;311;311;KNOB;395;429;405;
