1;CIRCLE;122;167;132;ONE;201;236;211;RIGHT;308;333;318;TWO;422;457;432;ONE;511;549;521;
2;PINCH;124;165;134;WAVE;239;262;249;KNOB;377;403;387;FOUR;478;486;486;DENY;571;621;581;
3;PINCH;138;181;148;MENU;245;284;255;CIRCLE;345;410;355;KNOB;480;532;490;CROSS;582;635;592;
4;ONE;259;290;269;TWO;354;383;364;OK;487;525;497;
5;FOUR;533;569;543;
6;LEFT;166;170;170;CROSS;401;443;411;TWO;506;538;516;
7;V;136;171;146;GRAB;238;291;248;MENU;366;398;376;PINCH;445;496;455;CROSS;575;625;585;
8;LEFT;132;154;142;CROSS;341;382;351;CIRCLE;471;518;481;
9;MENU;243;288;253;PINCH;368;378;378;ONE;444;479;454;
10;ONE;137;162;147;WAVE;239;259;249;KNOB;294;299;299;OK;365;405;375;LEFT;457;474;467;
11;CIRCLE;134;179;144;V;304;342;314;KNOB;403;407;407;RIGHT;433;445;443;ONE;515;548;525;
12;KNOB;149;185;159;V;391;463;401;CIRCLE;499;547;509;
13;V;148;210;158;MENU;277;315;287;TWO;400;415;410;KNOB;493;547;503;
14;V;113;159;123;CROSS;336;387;346;THREE;435;444;444;
15;THREE;155;193;165;DENY;268;326;278;WAVE;369;417;379;KNOB;571;626;581;
16;V;139;182;149;CIRCLE;261;320;271;RIGHT;440;466;450;DENY;538;590;548;
17;FOUR;240;276;250;GRAB;346;416;356;ONE;456;495;466;
18;LEFT;155;174;165;WAVE;285;330;295;GRAB;384;433;394;TWO;524;565;534;
19;RIGHT;11;15;15;RIGHT;279;316;289;GRAB;397;444;407;V;504;539;514;
20;CROSS;142;182;152;OK;253;285;263;RIGHT;356;392;366;WAVE;462;498;472;THREE;555;576;565;
21;LEFT;129;174;139;PINCH;352;389;362;KNOB;448;482;458;
22;GRAB;123;153;133;V;262;303;272;DENY;470;526;480;
23;THREE;154;185;164;WAVE;291;315;301;DENY;458;508;468;
24;RIGHT;151;169;161;PINCH;185;202;195;PINCH;255;278;265;DENY;339;378;349;
25;OK;278;290;288;LEFT;384;409;394;THREE;496;514;506;
26;GRAB;135;170;145;ONE;277;303;287;THREE;397;417;407;FOUR;521;532;531;V;608;665;618;
27;V;142;201;152;GRAB;273;310;283;KNOB;395;429;405;ONE;477;523;487;DENY;589;642;599;
28;MENU;133;149;143;GRAB;247;283;257;CROSS;353;404;363;KNOB;486;542;496;WAVE;590;634;600;
29;ONE;88;103;98;KNOB;137;176;147;MENU;388;392;392;RIGHT;435;457;445;LEFT;509;525;519;RIGHT;546;550;550;KNOB;594;605;604;
30;OK;123;146;133;FOUR;223;247;233;CROSS;296;345;306;
31;MENU;155;191;165;CROSS;270;285;280;CIRCLE;477;490;487;
32;CIRCLE;250;290;260;WAVE;377;429;387;DENY;470;520;480;TWO;589;616;599;
33;LEFT;124;175;134;KNOB;268;329;278;V;456;522;466;
34;WAVE;147;188;157;THREE;282;308;292;LEFT;358;393;368;DENY;483;537;493;GRAB;610;672;620;
35;CROSS;139;184;149;OK;244;251;251;TWO;359;410;369;CIRCLE;480;521;490;DENY;593;624;603;
36;CIRCLE;146;176;156;MENU;364;398;374;TWO;469;506;479;
37;OK;245;271;255;V;327;360;337;KNOB;439;482;449;
38;V;146;188;156;LEFT;318;348;328;CIRCLE;413;443;423;CIRCLE;501;558;511;
39;OK;131;169;141;WAVE;247;280;257;GRAB;305;310;310;PINCH;344;380;354;DENY;541;577;551;
40;TWO;131;170;141;RIGHT;302;328;312;PINCH;427;487;437;LEFT;559;605;569;
41;RIGHT;11;26;21;WAVE;167;195;177;V;361;368;368;CIRCLE;435;483;445;GRAB;541;572;551;
42;CROSS;136;182;146;DENY;262;313;272;MENU;363;389;373;RIGHT;478;509;488;RIGHT;546;551;551;GRAB;589;615;599;
43;FOUR;113;132;123;ONE;224;239;234;FOUR;332;354;342;
44;ONE;161;180;171;ONE;302;308;308;KNOB;336;351;346;WAVE;422;454;432;CROSS;512;551;522;
45;V;163;200;173;RIGHT;294;320;304;TWO;423;439;433;ONE;545;558;555;CIRCLE;668;727;678;
46;RIGHT;127;144;137;CIRCLE;216;265;226;ONE;341;354;351;CIRCLE;504;544;514;
47;TWO;148;190;158;GRAB;258;300;268;THREE;359;399;369;
48;RIGHT;103;137;113;TWO;227;259;237;DENY;392;401;401;LEFT;486;491;491;LEFT;507;511;511;
49;RIGHT;140;169;150;MENU;263;274;273;ONE;371;415;381;V;466;523;476;PINCH;579;632;589;
50;GRAB;298;345;308;KNOB;461;526;471;
51;ONE;113;143;123;CIRCLE;213;282;223;CROSS;393;437;403;PINCH;474;527;484;
52;GRAB;152;193;162;THREE;279;298;289;ONE;383;399;393;OK;491;509;501;FOUR;632;653;642;
53;MENU;152;180;162;WAVE;259;274;269;V;342;376;352;CROSS;439;486;449;TWO;541;574;551;
54;OK;61;66;66;KNOB;102;176;112;RIGHT;474;517;484;
55;GRAB;297;323;307;OK;411;419;419;KNOB;503;547;513;
56;KNOB;132;182;142;TWO;274;323;284;LEFT;377;400;387;MENU;549;577;559;
57;PINCH;139;158;149;V;247;279;257;THREE;380;393;390;FOUR;577;583;583;
58;OK;167;199;177;TWO;300;331;310;ONE;417;461;427;PINCH;532;588;542;
59;DENY;126;173;136;RIGHT;255;285;265;GRAB;368;403;378;
60;PINCH;92;142;102;KNOB;214;246;224;V;396;428;406;
61;THREE;160;179;170;KNOB;346;387;356;FOUR;456;501;466;MENU;573;597;583;
62;GRAB;201;247;211;RIGHT;326;370;336;MENU;432;445;442;TWO;536;560;546;
63;DENY;123;166;133;WAVE;212;249;222;FOUR;464;498;474;
64;OK;125;154;135;KNOB;233;258;243;CIRCLE;382;405;392;GRAB;495;529;505;
65;CROSS;124;161;134;GRAB;214;250;224;RIGHT;462;466;466;
66;CIRCLE;131;207;141;GRAB;315;319;319;WAVE;345;384;355;DENY;486;537;496;
67;THREE;196;209;206;CIRCLE;285;331;295;CROSS;376;411;386;WAVE;478;519;488;
68;LEFT;166;195;176;MENU;279;300;289;
69;KNOB;181;218;191;CIRCLE;267;316;277;LEFT;440;459;450;V;574;619;584;
70;LEFT;125;140;135;OK;226;267;236;GRAB;341;400;351;DENY;436;486;446;FOUR;532;573;542;
71;CROSS;115;153;125;ONE;232;254;242;CIRCLE;339;382;349;THREE;459;489;469;V;533;557;543;
72;FOUR;177;184;184;GRAB;270;304;280;DENY;377;408;387;THREE;454;488;464;PINCH;587;644;597;
73;V;278;323;288;V;405;423;415;ONE;488;544;498;RIGHT;626;680;636;
74;TWO;150;163;160;RIGHT;320;333;330;FOUR;397;410;407;GRAB;502;531;512;
75;THREE;154;174;164;THREE;194;217;204;KNOB;291;338;301;GRAB;383;414;393;ONE;471;502;481;PINCH;611;638;621;
76;RIGHT;6;11;11;RIGHT;68;79;78;TWO;225;258;235;GRAB;347;405;357;CROSS;447;497;457;
77;WAVE;153;190;163;FOUR;247;279;257;DENY;465;510;475;
78;CIRCLE;154;195;164;PINCH;271;328;281;OK;465;496;475;
79;TWO;132;158;142;V;323;388;333;V;415;464;425;RIGHT;545;551;551;
80;KNOB;150;196;160;MENU;245;286;255;V;355;393;365;V;437;494;447;DENY;550;602;560;
81;PINCH;275;306;285;CIRCLE;402;452;412;KNOB;521;551;531;
82;KNOB;171;222;181;CROSS;286;323;296;V;398;438;408;FOUR;501;527;511;
83;TWO;194;206;204;THREE;318;330;328;GRAB;421;454;431;WAVE;517;552;527;
84;CIRCLE;116;128;126;OK;150;175;160;MENU;377;404;387;
85;WAVE;149;183;159;CROSS;300;330;310;PINCH;433;447;443;CIRCLE;535;570;545;
86;GRAB;231;248;241;GRAB;294;326;304;MENU;437;479;447;PINCH;546;583;556;TWO;657;709;667;
87;KNOB;135;161;145;KNOB;181;194;191;PINCH;331;389;341;WAVE;447;495;457;
88;DENY;142;189;152;TWO;247;265;257;KNOB;368;401;378;THREE;453;463;463;
89;DENY;114;165;124;OK;206;235;216;ONE;296;332;306;KNOB;383;414;393;FOUR;460;496;470;
90;CIRCLE;72;78;78;RIGHT;109;137;119;FOUR;227;285;237;DENY;334;362;344;LEFT;437;466;447;WAVE;547;576;557;
91;GRAB;125;158;135;CIRCLE;245;288;255;V;355;392;365;LEFT;492;497;497;
92;CIRCLE;222;275;232;LEFT;355;383;365;KNOB;463;499;473;ONE;540;579;550;
93;RIGHT;143;147;147;V;334;373;344;CROSS;436;482;446;ONE;535;569;545;
94;LEFT;154;186;164;OK;286;297;296;TWO;394;422;404;GRAB;522;540;532;KNOB;608;613;613;
95;CIRCLE;155;209;165;RIGHT;268;303;278;MENU;383;430;393;DENY;506;588;516;PINCH;623;670;633;
96;CROSS;113;152;123;FOUR;209;223;219;RIGHT;313;340;323;LEFT;427;440;437;ONE;528;542;538;
97;RIGHT;275;300;285;KNOB;411;487;421;CIRCLE;539;598;549;
98;WAVE;252;306;262;FOUR;471;490;481;
99;MENU;209;223;219;RIGHT;317;339;327;WAVE;404;451;414;KNOB;552;589;562;
100;ONE;134;170;144;V;266;308;276;CROSS;387;443;397;CIRCLE;495;548;505;WAVE;633;649;643;WAVE;668;675;675;
101;LEFT;133;149;143;PINCH;269;301;279;DENY;364;402;374;V;437;467;447;TWO;537;562;547;
102;CIRCLE;138;190;148;PINCH;304;360;314;RIGHT;403;441;413;
103;PINCH;331;373;341;ONE;456;498;466;
104;ONE;129;169;139;CIRCLE;271;423;281;PINCH;461;512;471;
105;V;234;282;244;DENY;317;366;327;RIGHT;435;457;445;
106;V;128;160;138;V;180;198;190;OK;237;245;245;RIGHT;363;394;373;
107;DENY;160;221;170;PINCH;332;363;342;FOUR;464;507;474;MENU;611;645;621;
108;MENU;234;274;244;KNOB;439;492;449;
109;RIGHT;14;22;22;DENY;144;155;154;LEFT;189;232;199;GRAB;474;491;484;MENU;591;596;596;RIGHT;630;640;640;
110;OK;129;159;139;GRAB;240;269;250;CIRCLE;338;374;348;V;460;490;470;PINCH;511;521;521;MENU;579;595;589;
111;PINCH;158;212;168;MENU;285;319;295;RIGHT;366;387;376;THREE;480;523;490;KNOB;583;627;593;
112;TWO;382;398;392;V;418;435;428;LEFT;503;534;513;GRAB;599;617;609;
113;CIRCLE;247;304;257;CROSS;335;393;345;MENU;448;474;458;
114;ONE;129;135;135;PINCH;214;229;224;MENU;336;350;346;
115;KNOB;188;263;198;ONE;304;338;314;GRAB;396;443;406;
116;RIGHT;148;163;158;CROSS;356;399;366;THREE;463;481;473;
117;CROSS;147;203;157;MENU;288;321;298;FOUR;448;492;458;GRAB;548;605;558;
118;DENY;135;182;145;GRAB;270;294;280;TWO;421;438;431;LEFT;553;574;563;
119;RIGHT;60;70;70;DENY;158;199;168;ONE;436;477;446;
120;CIRCLE;35;40;40;CIRCLE;63;67;67;LEFT;94;107;104;TWO;132;180;142;KNOB;212;216;216;V;248;290;258;ONE;376;407;386;LEFT;484;496;494;PINCH;516;521;521;TWO;601;632;611;
121;CROSS;144;191;154;ONE;479;494;489;CIRCLE;565;611;575;
122;LEFT;120;129;129;OK;268;272;272;MENU;392;410;402;PINCH;481;520;491;
123;THREE;123;146;133;KNOB;215;262;225;FOUR;302;329;312;PINCH;416;459;426;OK;536;582;546;
124;KNOB;131;187;141;LEFT;254;262;262;CROSS;356;399;366;MENU;483;504;493;RIGHT;574;598;584;
125;V;11;23;21;CROSS;252;337;262;ONE;358;397;368;V;556;614;566;
126;DENY;96;148;106;LEFT;215;231;225;WAVE;335;386;345;PINCH;468;505;478;MENU;580;599;590;
127;V;155;230;165;CIRCLE;273;323;283;V;477;530;487;
128;KNOB;155;226;165;MENU;255;296;265;KNOB;425;506;435;GRAB;540;600;550;CIRCLE;667;696;677;
129;GRAB;143;147;147;RIGHT;196;222;206;V;335;368;345;GRAB;458;501;468;THREE;584;631;594;
130;LEFT;184;205;194;GRAB;282;316;292;MENU;502;537;512;
131;DENY;128;188;138;LEFT;248;297;258;V;371;430;381;
132;KNOB;164;216;174;CIRCLE;238;306;248;CIRCLE;381;408;391;V;430;449;440;PINCH;511;566;521;KNOB;611;662;621;
133;OK;235;267;245;THREE;365;390;375;ONE;459;486;469;
134;CIRCLE;163;218;173;CIRCLE;512;568;522;
135;ONE;130;156;140;CIRCLE;242;282;252;V;334;380;344;
136;WAVE;83;88;88;ONE;125;160;135;CIRCLE;244;303;254;RIGHT;365;382;375;CROSS;474;500;484;LEFT;567;613;577;
137;TWO;117;132;127;CIRCLE;235;282;245;
138;KNOB;123;173;133;MENU;232;249;242;RIGHT;337;358;347;V;438;466;448;TWO;542;550;550;
139;PINCH;127;169;137;OK;266;289;276;DENY;379;423;389;CROSS;456;507;466;
140;OK;124;152;134;ONE;222;247;232;THREE;473;508;483;
141;RIGHT;162;188;172;TWO;295;317;305;LEFT;437;458;447;CIRCLE;567;610;577;
142;KNOB;124;168;134;GRAB;206;210;210;WAVE;234;272;244;OK;342;357;352;LEFT;441;459;451;RIGHT;543;571;553;
143;KNOB;269;303;279;TWO;394;404;404;WAVE;507;532;517;
144;MENU;162;187;172;GRAB;307;324;317;KNOB;396;429;406;
